/*--------------------------------*- C++ -*----------------------------------*\
  =========                 |
  \\      /  F ield         | OpenFOAM: The Open Source CFD Toolbox
   \\    /   O peration     | Website:  https://openfoam.org
    \\  /    A nd           | Version:  11
     \\/     M anipulation  |
\*---------------------------------------------------------------------------*/
FoamFile
{
    format      ascii;
    class       faceList;
    location    "constant/heater/polyMesh";
    object      faces;
}
// * * * * * * * * * * * * * * * * * * * * * * * * * * * * * * * * * * * * * //


3120
(
4(1 32 156 125)
4(31 155 156 32)
4(124 125 156 155)
4(2 33 157 126)
4(32 156 157 33)
4(125 126 157 156)
4(3 34 158 127)
4(33 157 158 34)
4(126 127 158 157)
4(4 35 159 128)
4(34 158 159 35)
4(127 128 159 158)
4(5 36 160 129)
4(35 159 160 36)
4(128 129 160 159)
4(6 37 161 130)
4(36 160 161 37)
4(129 130 161 160)
4(7 38 162 131)
4(37 161 162 38)
4(130 131 162 161)
4(8 39 163 132)
4(38 162 163 39)
4(131 132 163 162)
4(9 40 164 133)
4(39 163 164 40)
4(132 133 164 163)
4(10 41 165 134)
4(40 164 165 41)
4(133 134 165 164)
4(11 42 166 135)
4(41 165 166 42)
4(134 135 166 165)
4(12 43 167 136)
4(42 166 167 43)
4(135 136 167 166)
4(13 44 168 137)
4(43 167 168 44)
4(136 137 168 167)
4(14 45 169 138)
4(44 168 169 45)
4(137 138 169 168)
4(15 46 170 139)
4(45 169 170 46)
4(138 139 170 169)
4(16 47 171 140)
4(46 170 171 47)
4(139 140 171 170)
4(17 48 172 141)
4(47 171 172 48)
4(140 141 172 171)
4(18 49 173 142)
4(48 172 173 49)
4(141 142 173 172)
4(19 50 174 143)
4(49 173 174 50)
4(142 143 174 173)
4(20 51 175 144)
4(50 174 175 51)
4(143 144 175 174)
4(21 52 176 145)
4(51 175 176 52)
4(144 145 176 175)
4(22 53 177 146)
4(52 176 177 53)
4(145 146 177 176)
4(23 54 178 147)
4(53 177 178 54)
4(146 147 178 177)
4(24 55 179 148)
4(54 178 179 55)
4(147 148 179 178)
4(25 56 180 149)
4(55 179 180 56)
4(148 149 180 179)
4(26 57 181 150)
4(56 180 181 57)
4(149 150 181 180)
4(27 58 182 151)
4(57 181 182 58)
4(150 151 182 181)
4(28 59 183 152)
4(58 182 183 59)
4(151 152 183 182)
4(29 60 184 153)
4(59 183 184 60)
4(152 153 184 183)
4(60 184 185 61)
4(153 154 185 184)
4(32 63 187 156)
4(62 186 187 63)
4(155 156 187 186)
4(33 64 188 157)
4(63 187 188 64)
4(156 157 188 187)
4(34 65 189 158)
4(64 188 189 65)
4(157 158 189 188)
4(35 66 190 159)
4(65 189 190 66)
4(158 159 190 189)
4(36 67 191 160)
4(66 190 191 67)
4(159 160 191 190)
4(37 68 192 161)
4(67 191 192 68)
4(160 161 192 191)
4(38 69 193 162)
4(68 192 193 69)
4(161 162 193 192)
4(39 70 194 163)
4(69 193 194 70)
4(162 163 194 193)
4(40 71 195 164)
4(70 194 195 71)
4(163 164 195 194)
4(41 72 196 165)
4(71 195 196 72)
4(164 165 196 195)
4(42 73 197 166)
4(72 196 197 73)
4(165 166 197 196)
4(43 74 198 167)
4(73 197 198 74)
4(166 167 198 197)
4(44 75 199 168)
4(74 198 199 75)
4(167 168 199 198)
4(45 76 200 169)
4(75 199 200 76)
4(168 169 200 199)
4(46 77 201 170)
4(76 200 201 77)
4(169 170 201 200)
4(47 78 202 171)
4(77 201 202 78)
4(170 171 202 201)
4(48 79 203 172)
4(78 202 203 79)
4(171 172 203 202)
4(49 80 204 173)
4(79 203 204 80)
4(172 173 204 203)
4(50 81 205 174)
4(80 204 205 81)
4(173 174 205 204)
4(51 82 206 175)
4(81 205 206 82)
4(174 175 206 205)
4(52 83 207 176)
4(82 206 207 83)
4(175 176 207 206)
4(53 84 208 177)
4(83 207 208 84)
4(176 177 208 207)
4(54 85 209 178)
4(84 208 209 85)
4(177 178 209 208)
4(55 86 210 179)
4(85 209 210 86)
4(178 179 210 209)
4(56 87 211 180)
4(86 210 211 87)
4(179 180 211 210)
4(57 88 212 181)
4(87 211 212 88)
4(180 181 212 211)
4(58 89 213 182)
4(88 212 213 89)
4(181 182 213 212)
4(59 90 214 183)
4(89 213 214 90)
4(182 183 214 213)
4(60 91 215 184)
4(90 214 215 91)
4(183 184 215 214)
4(91 215 216 92)
4(184 185 216 215)
4(63 94 218 187)
4(186 187 218 217)
4(64 95 219 188)
4(187 188 219 218)
4(65 96 220 189)
4(188 189 220 219)
4(66 97 221 190)
4(189 190 221 220)
4(67 98 222 191)
4(190 191 222 221)
4(68 99 223 192)
4(191 192 223 222)
4(69 100 224 193)
4(192 193 224 223)
4(70 101 225 194)
4(193 194 225 224)
4(71 102 226 195)
4(194 195 226 225)
4(72 103 227 196)
4(195 196 227 226)
4(73 104 228 197)
4(196 197 228 227)
4(74 105 229 198)
4(197 198 229 228)
4(75 106 230 199)
4(198 199 230 229)
4(76 107 231 200)
4(199 200 231 230)
4(77 108 232 201)
4(200 201 232 231)
4(78 109 233 202)
4(201 202 233 232)
4(79 110 234 203)
4(202 203 234 233)
4(80 111 235 204)
4(203 204 235 234)
4(81 112 236 205)
4(204 205 236 235)
4(82 113 237 206)
4(205 206 237 236)
4(83 114 238 207)
4(206 207 238 237)
4(84 115 239 208)
4(207 208 239 238)
4(85 116 240 209)
4(208 209 240 239)
4(86 117 241 210)
4(209 210 241 240)
4(87 118 242 211)
4(210 211 242 241)
4(88 119 243 212)
4(211 212 243 242)
4(89 120 244 213)
4(212 213 244 243)
4(90 121 245 214)
4(213 214 245 244)
4(91 122 246 215)
4(214 215 246 245)
4(215 216 247 246)
4(125 156 280 249)
4(155 279 280 156)
4(248 249 280 279)
4(126 157 281 250)
4(156 280 281 157)
4(249 250 281 280)
4(127 158 282 251)
4(157 281 282 158)
4(250 251 282 281)
4(128 159 283 252)
4(158 282 283 159)
4(251 252 283 282)
4(129 160 284 253)
4(159 283 284 160)
4(252 253 284 283)
4(130 161 285 254)
4(160 284 285 161)
4(253 254 285 284)
4(131 162 286 255)
4(161 285 286 162)
4(254 255 286 285)
4(132 163 287 256)
4(162 286 287 163)
4(255 256 287 286)
4(133 164 288 257)
4(163 287 288 164)
4(256 257 288 287)
4(134 165 289 258)
4(164 288 289 165)
4(257 258 289 288)
4(135 166 290 259)
4(165 289 290 166)
4(258 259 290 289)
4(136 167 291 260)
4(166 290 291 167)
4(259 260 291 290)
4(137 168 292 261)
4(167 291 292 168)
4(260 261 292 291)
4(138 169 293 262)
4(168 292 293 169)
4(261 262 293 292)
4(139 170 294 263)
4(169 293 294 170)
4(262 263 294 293)
4(140 171 295 264)
4(170 294 295 171)
4(263 264 295 294)
4(141 172 296 265)
4(171 295 296 172)
4(264 265 296 295)
4(142 173 297 266)
4(172 296 297 173)
4(265 266 297 296)
4(143 174 298 267)
4(173 297 298 174)
4(266 267 298 297)
4(144 175 299 268)
4(174 298 299 175)
4(267 268 299 298)
4(145 176 300 269)
4(175 299 300 176)
4(268 269 300 299)
4(146 177 301 270)
4(176 300 301 177)
4(269 270 301 300)
4(147 178 302 271)
4(177 301 302 178)
4(270 271 302 301)
4(148 179 303 272)
4(178 302 303 179)
4(271 272 303 302)
4(149 180 304 273)
4(179 303 304 180)
4(272 273 304 303)
4(150 181 305 274)
4(180 304 305 181)
4(273 274 305 304)
4(151 182 306 275)
4(181 305 306 182)
4(274 275 306 305)
4(152 183 307 276)
4(182 306 307 183)
4(275 276 307 306)
4(153 184 308 277)
4(183 307 308 184)
4(276 277 308 307)
4(184 308 309 185)
4(277 278 309 308)
4(156 187 311 280)
4(186 310 311 187)
4(279 280 311 310)
4(157 188 312 281)
4(187 311 312 188)
4(280 281 312 311)
4(158 189 313 282)
4(188 312 313 189)
4(281 282 313 312)
4(159 190 314 283)
4(189 313 314 190)
4(282 283 314 313)
4(160 191 315 284)
4(190 314 315 191)
4(283 284 315 314)
4(161 192 316 285)
4(191 315 316 192)
4(284 285 316 315)
4(162 193 317 286)
4(192 316 317 193)
4(285 286 317 316)
4(163 194 318 287)
4(193 317 318 194)
4(286 287 318 317)
4(164 195 319 288)
4(194 318 319 195)
4(287 288 319 318)
4(165 196 320 289)
4(195 319 320 196)
4(288 289 320 319)
4(166 197 321 290)
4(196 320 321 197)
4(289 290 321 320)
4(167 198 322 291)
4(197 321 322 198)
4(290 291 322 321)
4(168 199 323 292)
4(198 322 323 199)
4(291 292 323 322)
4(169 200 324 293)
4(199 323 324 200)
4(292 293 324 323)
4(170 201 325 294)
4(200 324 325 201)
4(293 294 325 324)
4(171 202 326 295)
4(201 325 326 202)
4(294 295 326 325)
4(172 203 327 296)
4(202 326 327 203)
4(295 296 327 326)
4(173 204 328 297)
4(203 327 328 204)
4(296 297 328 327)
4(174 205 329 298)
4(204 328 329 205)
4(297 298 329 328)
4(175 206 330 299)
4(205 329 330 206)
4(298 299 330 329)
4(176 207 331 300)
4(206 330 331 207)
4(299 300 331 330)
4(177 208 332 301)
4(207 331 332 208)
4(300 301 332 331)
4(178 209 333 302)
4(208 332 333 209)
4(301 302 333 332)
4(179 210 334 303)
4(209 333 334 210)
4(302 303 334 333)
4(180 211 335 304)
4(210 334 335 211)
4(303 304 335 334)
4(181 212 336 305)
4(211 335 336 212)
4(304 305 336 335)
4(182 213 337 306)
4(212 336 337 213)
4(305 306 337 336)
4(183 214 338 307)
4(213 337 338 214)
4(306 307 338 337)
4(184 215 339 308)
4(214 338 339 215)
4(307 308 339 338)
4(215 339 340 216)
4(308 309 340 339)
4(187 218 342 311)
4(310 311 342 341)
4(188 219 343 312)
4(311 312 343 342)
4(189 220 344 313)
4(312 313 344 343)
4(190 221 345 314)
4(313 314 345 344)
4(191 222 346 315)
4(314 315 346 345)
4(192 223 347 316)
4(315 316 347 346)
4(193 224 348 317)
4(316 317 348 347)
4(194 225 349 318)
4(317 318 349 348)
4(195 226 350 319)
4(318 319 350 349)
4(196 227 351 320)
4(319 320 351 350)
4(197 228 352 321)
4(320 321 352 351)
4(198 229 353 322)
4(321 322 353 352)
4(199 230 354 323)
4(322 323 354 353)
4(200 231 355 324)
4(323 324 355 354)
4(201 232 356 325)
4(324 325 356 355)
4(202 233 357 326)
4(325 326 357 356)
4(203 234 358 327)
4(326 327 358 357)
4(204 235 359 328)
4(327 328 359 358)
4(205 236 360 329)
4(328 329 360 359)
4(206 237 361 330)
4(329 330 361 360)
4(207 238 362 331)
4(330 331 362 361)
4(208 239 363 332)
4(331 332 363 362)
4(209 240 364 333)
4(332 333 364 363)
4(210 241 365 334)
4(333 334 365 364)
4(211 242 366 335)
4(334 335 366 365)
4(212 243 367 336)
4(335 336 367 366)
4(213 244 368 337)
4(336 337 368 367)
4(214 245 369 338)
4(337 338 369 368)
4(215 246 370 339)
4(338 339 370 369)
4(339 340 371 370)
4(249 280 404 373)
4(279 403 404 280)
4(372 373 404 403)
4(250 281 405 374)
4(280 404 405 281)
4(373 374 405 404)
4(251 282 406 375)
4(281 405 406 282)
4(374 375 406 405)
4(252 283 407 376)
4(282 406 407 283)
4(375 376 407 406)
4(253 284 408 377)
4(283 407 408 284)
4(376 377 408 407)
4(254 285 409 378)
4(284 408 409 285)
4(377 378 409 408)
4(255 286 410 379)
4(285 409 410 286)
4(378 379 410 409)
4(256 287 411 380)
4(286 410 411 287)
4(379 380 411 410)
4(257 288 412 381)
4(287 411 412 288)
4(380 381 412 411)
4(258 289 413 382)
4(288 412 413 289)
4(381 382 413 412)
4(259 290 414 383)
4(289 413 414 290)
4(382 383 414 413)
4(260 291 415 384)
4(290 414 415 291)
4(383 384 415 414)
4(261 292 416 385)
4(291 415 416 292)
4(384 385 416 415)
4(262 293 417 386)
4(292 416 417 293)
4(385 386 417 416)
4(263 294 418 387)
4(293 417 418 294)
4(386 387 418 417)
4(264 295 419 388)
4(294 418 419 295)
4(387 388 419 418)
4(265 296 420 389)
4(295 419 420 296)
4(388 389 420 419)
4(266 297 421 390)
4(296 420 421 297)
4(389 390 421 420)
4(267 298 422 391)
4(297 421 422 298)
4(390 391 422 421)
4(268 299 423 392)
4(298 422 423 299)
4(391 392 423 422)
4(269 300 424 393)
4(299 423 424 300)
4(392 393 424 423)
4(270 301 425 394)
4(300 424 425 301)
4(393 394 425 424)
4(271 302 426 395)
4(301 425 426 302)
4(394 395 426 425)
4(272 303 427 396)
4(302 426 427 303)
4(395 396 427 426)
4(273 304 428 397)
4(303 427 428 304)
4(396 397 428 427)
4(274 305 429 398)
4(304 428 429 305)
4(397 398 429 428)
4(275 306 430 399)
4(305 429 430 306)
4(398 399 430 429)
4(276 307 431 400)
4(306 430 431 307)
4(399 400 431 430)
4(277 308 432 401)
4(307 431 432 308)
4(400 401 432 431)
4(308 432 433 309)
4(401 402 433 432)
4(280 311 435 404)
4(310 434 435 311)
4(403 404 435 434)
4(281 312 436 405)
4(311 435 436 312)
4(404 405 436 435)
4(282 313 437 406)
4(312 436 437 313)
4(405 406 437 436)
4(283 314 438 407)
4(313 437 438 314)
4(406 407 438 437)
4(284 315 439 408)
4(314 438 439 315)
4(407 408 439 438)
4(285 316 440 409)
4(315 439 440 316)
4(408 409 440 439)
4(286 317 441 410)
4(316 440 441 317)
4(409 410 441 440)
4(287 318 442 411)
4(317 441 442 318)
4(410 411 442 441)
4(288 319 443 412)
4(318 442 443 319)
4(411 412 443 442)
4(289 320 444 413)
4(319 443 444 320)
4(412 413 444 443)
4(290 321 445 414)
4(320 444 445 321)
4(413 414 445 444)
4(291 322 446 415)
4(321 445 446 322)
4(414 415 446 445)
4(292 323 447 416)
4(322 446 447 323)
4(415 416 447 446)
4(293 324 448 417)
4(323 447 448 324)
4(416 417 448 447)
4(294 325 449 418)
4(324 448 449 325)
4(417 418 449 448)
4(295 326 450 419)
4(325 449 450 326)
4(418 419 450 449)
4(296 327 451 420)
4(326 450 451 327)
4(419 420 451 450)
4(297 328 452 421)
4(327 451 452 328)
4(420 421 452 451)
4(298 329 453 422)
4(328 452 453 329)
4(421 422 453 452)
4(299 330 454 423)
4(329 453 454 330)
4(422 423 454 453)
4(300 331 455 424)
4(330 454 455 331)
4(423 424 455 454)
4(301 332 456 425)
4(331 455 456 332)
4(424 425 456 455)
4(302 333 457 426)
4(332 456 457 333)
4(425 426 457 456)
4(303 334 458 427)
4(333 457 458 334)
4(426 427 458 457)
4(304 335 459 428)
4(334 458 459 335)
4(427 428 459 458)
4(305 336 460 429)
4(335 459 460 336)
4(428 429 460 459)
4(306 337 461 430)
4(336 460 461 337)
4(429 430 461 460)
4(307 338 462 431)
4(337 461 462 338)
4(430 431 462 461)
4(308 339 463 432)
4(338 462 463 339)
4(431 432 463 462)
4(339 463 464 340)
4(432 433 464 463)
4(311 342 466 435)
4(434 435 466 465)
4(312 343 467 436)
4(435 436 467 466)
4(313 344 468 437)
4(436 437 468 467)
4(314 345 469 438)
4(437 438 469 468)
4(315 346 470 439)
4(438 439 470 469)
4(316 347 471 440)
4(439 440 471 470)
4(317 348 472 441)
4(440 441 472 471)
4(318 349 473 442)
4(441 442 473 472)
4(319 350 474 443)
4(442 443 474 473)
4(320 351 475 444)
4(443 444 475 474)
4(321 352 476 445)
4(444 445 476 475)
4(322 353 477 446)
4(445 446 477 476)
4(323 354 478 447)
4(446 447 478 477)
4(324 355 479 448)
4(447 448 479 478)
4(325 356 480 449)
4(448 449 480 479)
4(326 357 481 450)
4(449 450 481 480)
4(327 358 482 451)
4(450 451 482 481)
4(328 359 483 452)
4(451 452 483 482)
4(329 360 484 453)
4(452 453 484 483)
4(330 361 485 454)
4(453 454 485 484)
4(331 362 486 455)
4(454 455 486 485)
4(332 363 487 456)
4(455 456 487 486)
4(333 364 488 457)
4(456 457 488 487)
4(334 365 489 458)
4(457 458 489 488)
4(335 366 490 459)
4(458 459 490 489)
4(336 367 491 460)
4(459 460 491 490)
4(337 368 492 461)
4(460 461 492 491)
4(338 369 493 462)
4(461 462 493 492)
4(339 370 494 463)
4(462 463 494 493)
4(463 464 495 494)
4(373 404 528 497)
4(403 527 528 404)
4(496 497 528 527)
4(374 405 529 498)
4(404 528 529 405)
4(497 498 529 528)
4(375 406 530 499)
4(405 529 530 406)
4(498 499 530 529)
4(376 407 531 500)
4(406 530 531 407)
4(499 500 531 530)
4(377 408 532 501)
4(407 531 532 408)
4(500 501 532 531)
4(378 409 533 502)
4(408 532 533 409)
4(501 502 533 532)
4(379 410 534 503)
4(409 533 534 410)
4(502 503 534 533)
4(380 411 535 504)
4(410 534 535 411)
4(503 504 535 534)
4(381 412 536 505)
4(411 535 536 412)
4(504 505 536 535)
4(382 413 537 506)
4(412 536 537 413)
4(505 506 537 536)
4(383 414 538 507)
4(413 537 538 414)
4(506 507 538 537)
4(384 415 539 508)
4(414 538 539 415)
4(507 508 539 538)
4(385 416 540 509)
4(415 539 540 416)
4(508 509 540 539)
4(386 417 541 510)
4(416 540 541 417)
4(509 510 541 540)
4(387 418 542 511)
4(417 541 542 418)
4(510 511 542 541)
4(388 419 543 512)
4(418 542 543 419)
4(511 512 543 542)
4(389 420 544 513)
4(419 543 544 420)
4(512 513 544 543)
4(390 421 545 514)
4(420 544 545 421)
4(513 514 545 544)
4(391 422 546 515)
4(421 545 546 422)
4(514 515 546 545)
4(392 423 547 516)
4(422 546 547 423)
4(515 516 547 546)
4(393 424 548 517)
4(423 547 548 424)
4(516 517 548 547)
4(394 425 549 518)
4(424 548 549 425)
4(517 518 549 548)
4(395 426 550 519)
4(425 549 550 426)
4(518 519 550 549)
4(396 427 551 520)
4(426 550 551 427)
4(519 520 551 550)
4(397 428 552 521)
4(427 551 552 428)
4(520 521 552 551)
4(398 429 553 522)
4(428 552 553 429)
4(521 522 553 552)
4(399 430 554 523)
4(429 553 554 430)
4(522 523 554 553)
4(400 431 555 524)
4(430 554 555 431)
4(523 524 555 554)
4(401 432 556 525)
4(431 555 556 432)
4(524 525 556 555)
4(432 556 557 433)
4(525 526 557 556)
4(404 435 559 528)
4(434 558 559 435)
4(527 528 559 558)
4(405 436 560 529)
4(435 559 560 436)
4(528 529 560 559)
4(406 437 561 530)
4(436 560 561 437)
4(529 530 561 560)
4(407 438 562 531)
4(437 561 562 438)
4(530 531 562 561)
4(408 439 563 532)
4(438 562 563 439)
4(531 532 563 562)
4(409 440 564 533)
4(439 563 564 440)
4(532 533 564 563)
4(410 441 565 534)
4(440 564 565 441)
4(533 534 565 564)
4(411 442 566 535)
4(441 565 566 442)
4(534 535 566 565)
4(412 443 567 536)
4(442 566 567 443)
4(535 536 567 566)
4(413 444 568 537)
4(443 567 568 444)
4(536 537 568 567)
4(414 445 569 538)
4(444 568 569 445)
4(537 538 569 568)
4(415 446 570 539)
4(445 569 570 446)
4(538 539 570 569)
4(416 447 571 540)
4(446 570 571 447)
4(539 540 571 570)
4(417 448 572 541)
4(447 571 572 448)
4(540 541 572 571)
4(418 449 573 542)
4(448 572 573 449)
4(541 542 573 572)
4(419 450 574 543)
4(449 573 574 450)
4(542 543 574 573)
4(420 451 575 544)
4(450 574 575 451)
4(543 544 575 574)
4(421 452 576 545)
4(451 575 576 452)
4(544 545 576 575)
4(422 453 577 546)
4(452 576 577 453)
4(545 546 577 576)
4(423 454 578 547)
4(453 577 578 454)
4(546 547 578 577)
4(424 455 579 548)
4(454 578 579 455)
4(547 548 579 578)
4(425 456 580 549)
4(455 579 580 456)
4(548 549 580 579)
4(426 457 581 550)
4(456 580 581 457)
4(549 550 581 580)
4(427 458 582 551)
4(457 581 582 458)
4(550 551 582 581)
4(428 459 583 552)
4(458 582 583 459)
4(551 552 583 582)
4(429 460 584 553)
4(459 583 584 460)
4(552 553 584 583)
4(430 461 585 554)
4(460 584 585 461)
4(553 554 585 584)
4(431 462 586 555)
4(461 585 586 462)
4(554 555 586 585)
4(432 463 587 556)
4(462 586 587 463)
4(555 556 587 586)
4(463 587 588 464)
4(556 557 588 587)
4(435 466 590 559)
4(558 559 590 589)
4(436 467 591 560)
4(559 560 591 590)
4(437 468 592 561)
4(560 561 592 591)
4(438 469 593 562)
4(561 562 593 592)
4(439 470 594 563)
4(562 563 594 593)
4(440 471 595 564)
4(563 564 595 594)
4(441 472 596 565)
4(564 565 596 595)
4(442 473 597 566)
4(565 566 597 596)
4(443 474 598 567)
4(566 567 598 597)
4(444 475 599 568)
4(567 568 599 598)
4(445 476 600 569)
4(568 569 600 599)
4(446 477 601 570)
4(569 570 601 600)
4(447 478 602 571)
4(570 571 602 601)
4(448 479 603 572)
4(571 572 603 602)
4(449 480 604 573)
4(572 573 604 603)
4(450 481 605 574)
4(573 574 605 604)
4(451 482 606 575)
4(574 575 606 605)
4(452 483 607 576)
4(575 576 607 606)
4(453 484 608 577)
4(576 577 608 607)
4(454 485 609 578)
4(577 578 609 608)
4(455 486 610 579)
4(578 579 610 609)
4(456 487 611 580)
4(579 580 611 610)
4(457 488 612 581)
4(580 581 612 611)
4(458 489 613 582)
4(581 582 613 612)
4(459 490 614 583)
4(582 583 614 613)
4(460 491 615 584)
4(583 584 615 614)
4(461 492 616 585)
4(584 585 616 615)
4(462 493 617 586)
4(585 586 617 616)
4(463 494 618 587)
4(586 587 618 617)
4(587 588 619 618)
4(497 528 652 621)
4(527 651 652 528)
4(620 621 652 651)
4(498 529 653 622)
4(528 652 653 529)
4(621 622 653 652)
4(499 530 654 623)
4(529 653 654 530)
4(622 623 654 653)
4(500 531 655 624)
4(530 654 655 531)
4(623 624 655 654)
4(501 532 656 625)
4(531 655 656 532)
4(624 625 656 655)
4(502 533 657 626)
4(532 656 657 533)
4(625 626 657 656)
4(503 534 658 627)
4(533 657 658 534)
4(626 627 658 657)
4(504 535 659 628)
4(534 658 659 535)
4(627 628 659 658)
4(505 536 660 629)
4(535 659 660 536)
4(628 629 660 659)
4(506 537 661 630)
4(536 660 661 537)
4(629 630 661 660)
4(507 538 662 631)
4(537 661 662 538)
4(630 631 662 661)
4(508 539 663 632)
4(538 662 663 539)
4(631 632 663 662)
4(509 540 664 633)
4(539 663 664 540)
4(632 633 664 663)
4(510 541 665 634)
4(540 664 665 541)
4(633 634 665 664)
4(511 542 666 635)
4(541 665 666 542)
4(634 635 666 665)
4(512 543 667 636)
4(542 666 667 543)
4(635 636 667 666)
4(513 544 668 637)
4(543 667 668 544)
4(636 637 668 667)
4(514 545 669 638)
4(544 668 669 545)
4(637 638 669 668)
4(515 546 670 639)
4(545 669 670 546)
4(638 639 670 669)
4(516 547 671 640)
4(546 670 671 547)
4(639 640 671 670)
4(517 548 672 641)
4(547 671 672 548)
4(640 641 672 671)
4(518 549 673 642)
4(548 672 673 549)
4(641 642 673 672)
4(519 550 674 643)
4(549 673 674 550)
4(642 643 674 673)
4(520 551 675 644)
4(550 674 675 551)
4(643 644 675 674)
4(521 552 676 645)
4(551 675 676 552)
4(644 645 676 675)
4(522 553 677 646)
4(552 676 677 553)
4(645 646 677 676)
4(523 554 678 647)
4(553 677 678 554)
4(646 647 678 677)
4(524 555 679 648)
4(554 678 679 555)
4(647 648 679 678)
4(525 556 680 649)
4(555 679 680 556)
4(648 649 680 679)
4(556 680 681 557)
4(649 650 681 680)
4(528 559 683 652)
4(558 682 683 559)
4(651 652 683 682)
4(529 560 684 653)
4(559 683 684 560)
4(652 653 684 683)
4(530 561 685 654)
4(560 684 685 561)
4(653 654 685 684)
4(531 562 686 655)
4(561 685 686 562)
4(654 655 686 685)
4(532 563 687 656)
4(562 686 687 563)
4(655 656 687 686)
4(533 564 688 657)
4(563 687 688 564)
4(656 657 688 687)
4(534 565 689 658)
4(564 688 689 565)
4(657 658 689 688)
4(535 566 690 659)
4(565 689 690 566)
4(658 659 690 689)
4(536 567 691 660)
4(566 690 691 567)
4(659 660 691 690)
4(537 568 692 661)
4(567 691 692 568)
4(660 661 692 691)
4(538 569 693 662)
4(568 692 693 569)
4(661 662 693 692)
4(539 570 694 663)
4(569 693 694 570)
4(662 663 694 693)
4(540 571 695 664)
4(570 694 695 571)
4(663 664 695 694)
4(541 572 696 665)
4(571 695 696 572)
4(664 665 696 695)
4(542 573 697 666)
4(572 696 697 573)
4(665 666 697 696)
4(543 574 698 667)
4(573 697 698 574)
4(666 667 698 697)
4(544 575 699 668)
4(574 698 699 575)
4(667 668 699 698)
4(545 576 700 669)
4(575 699 700 576)
4(668 669 700 699)
4(546 577 701 670)
4(576 700 701 577)
4(669 670 701 700)
4(547 578 702 671)
4(577 701 702 578)
4(670 671 702 701)
4(548 579 703 672)
4(578 702 703 579)
4(671 672 703 702)
4(549 580 704 673)
4(579 703 704 580)
4(672 673 704 703)
4(550 581 705 674)
4(580 704 705 581)
4(673 674 705 704)
4(551 582 706 675)
4(581 705 706 582)
4(674 675 706 705)
4(552 583 707 676)
4(582 706 707 583)
4(675 676 707 706)
4(553 584 708 677)
4(583 707 708 584)
4(676 677 708 707)
4(554 585 709 678)
4(584 708 709 585)
4(677 678 709 708)
4(555 586 710 679)
4(585 709 710 586)
4(678 679 710 709)
4(556 587 711 680)
4(586 710 711 587)
4(679 680 711 710)
4(587 711 712 588)
4(680 681 712 711)
4(559 590 714 683)
4(682 683 714 713)
4(560 591 715 684)
4(683 684 715 714)
4(561 592 716 685)
4(684 685 716 715)
4(562 593 717 686)
4(685 686 717 716)
4(563 594 718 687)
4(686 687 718 717)
4(564 595 719 688)
4(687 688 719 718)
4(565 596 720 689)
4(688 689 720 719)
4(566 597 721 690)
4(689 690 721 720)
4(567 598 722 691)
4(690 691 722 721)
4(568 599 723 692)
4(691 692 723 722)
4(569 600 724 693)
4(692 693 724 723)
4(570 601 725 694)
4(693 694 725 724)
4(571 602 726 695)
4(694 695 726 725)
4(572 603 727 696)
4(695 696 727 726)
4(573 604 728 697)
4(696 697 728 727)
4(574 605 729 698)
4(697 698 729 728)
4(575 606 730 699)
4(698 699 730 729)
4(576 607 731 700)
4(699 700 731 730)
4(577 608 732 701)
4(700 701 732 731)
4(578 609 733 702)
4(701 702 733 732)
4(579 610 734 703)
4(702 703 734 733)
4(580 611 735 704)
4(703 704 735 734)
4(581 612 736 705)
4(704 705 736 735)
4(582 613 737 706)
4(705 706 737 736)
4(583 614 738 707)
4(706 707 738 737)
4(584 615 739 708)
4(707 708 739 738)
4(585 616 740 709)
4(708 709 740 739)
4(586 617 741 710)
4(709 710 741 740)
4(587 618 742 711)
4(710 711 742 741)
4(711 712 743 742)
4(621 652 776 745)
4(651 775 776 652)
4(744 745 776 775)
4(622 653 777 746)
4(652 776 777 653)
4(745 746 777 776)
4(623 654 778 747)
4(653 777 778 654)
4(746 747 778 777)
4(624 655 779 748)
4(654 778 779 655)
4(747 748 779 778)
4(625 656 780 749)
4(655 779 780 656)
4(748 749 780 779)
4(626 657 781 750)
4(656 780 781 657)
4(749 750 781 780)
4(627 658 782 751)
4(657 781 782 658)
4(750 751 782 781)
4(628 659 783 752)
4(658 782 783 659)
4(751 752 783 782)
4(629 660 784 753)
4(659 783 784 660)
4(752 753 784 783)
4(630 661 785 754)
4(660 784 785 661)
4(753 754 785 784)
4(631 662 786 755)
4(661 785 786 662)
4(754 755 786 785)
4(632 663 787 756)
4(662 786 787 663)
4(755 756 787 786)
4(633 664 788 757)
4(663 787 788 664)
4(756 757 788 787)
4(634 665 789 758)
4(664 788 789 665)
4(757 758 789 788)
4(635 666 790 759)
4(665 789 790 666)
4(758 759 790 789)
4(636 667 791 760)
4(666 790 791 667)
4(759 760 791 790)
4(637 668 792 761)
4(667 791 792 668)
4(760 761 792 791)
4(638 669 793 762)
4(668 792 793 669)
4(761 762 793 792)
4(639 670 794 763)
4(669 793 794 670)
4(762 763 794 793)
4(640 671 795 764)
4(670 794 795 671)
4(763 764 795 794)
4(641 672 796 765)
4(671 795 796 672)
4(764 765 796 795)
4(642 673 797 766)
4(672 796 797 673)
4(765 766 797 796)
4(643 674 798 767)
4(673 797 798 674)
4(766 767 798 797)
4(644 675 799 768)
4(674 798 799 675)
4(767 768 799 798)
4(645 676 800 769)
4(675 799 800 676)
4(768 769 800 799)
4(646 677 801 770)
4(676 800 801 677)
4(769 770 801 800)
4(647 678 802 771)
4(677 801 802 678)
4(770 771 802 801)
4(648 679 803 772)
4(678 802 803 679)
4(771 772 803 802)
4(649 680 804 773)
4(679 803 804 680)
4(772 773 804 803)
4(680 804 805 681)
4(773 774 805 804)
4(652 683 807 776)
4(682 806 807 683)
4(775 776 807 806)
4(653 684 808 777)
4(683 807 808 684)
4(776 777 808 807)
4(654 685 809 778)
4(684 808 809 685)
4(777 778 809 808)
4(655 686 810 779)
4(685 809 810 686)
4(778 779 810 809)
4(656 687 811 780)
4(686 810 811 687)
4(779 780 811 810)
4(657 688 812 781)
4(687 811 812 688)
4(780 781 812 811)
4(658 689 813 782)
4(688 812 813 689)
4(781 782 813 812)
4(659 690 814 783)
4(689 813 814 690)
4(782 783 814 813)
4(660 691 815 784)
4(690 814 815 691)
4(783 784 815 814)
4(661 692 816 785)
4(691 815 816 692)
4(784 785 816 815)
4(662 693 817 786)
4(692 816 817 693)
4(785 786 817 816)
4(663 694 818 787)
4(693 817 818 694)
4(786 787 818 817)
4(664 695 819 788)
4(694 818 819 695)
4(787 788 819 818)
4(665 696 820 789)
4(695 819 820 696)
4(788 789 820 819)
4(666 697 821 790)
4(696 820 821 697)
4(789 790 821 820)
4(667 698 822 791)
4(697 821 822 698)
4(790 791 822 821)
4(668 699 823 792)
4(698 822 823 699)
4(791 792 823 822)
4(669 700 824 793)
4(699 823 824 700)
4(792 793 824 823)
4(670 701 825 794)
4(700 824 825 701)
4(793 794 825 824)
4(671 702 826 795)
4(701 825 826 702)
4(794 795 826 825)
4(672 703 827 796)
4(702 826 827 703)
4(795 796 827 826)
4(673 704 828 797)
4(703 827 828 704)
4(796 797 828 827)
4(674 705 829 798)
4(704 828 829 705)
4(797 798 829 828)
4(675 706 830 799)
4(705 829 830 706)
4(798 799 830 829)
4(676 707 831 800)
4(706 830 831 707)
4(799 800 831 830)
4(677 708 832 801)
4(707 831 832 708)
4(800 801 832 831)
4(678 709 833 802)
4(708 832 833 709)
4(801 802 833 832)
4(679 710 834 803)
4(709 833 834 710)
4(802 803 834 833)
4(680 711 835 804)
4(710 834 835 711)
4(803 804 835 834)
4(711 835 836 712)
4(804 805 836 835)
4(683 714 838 807)
4(806 807 838 837)
4(684 715 839 808)
4(807 808 839 838)
4(685 716 840 809)
4(808 809 840 839)
4(686 717 841 810)
4(809 810 841 840)
4(687 718 842 811)
4(810 811 842 841)
4(688 719 843 812)
4(811 812 843 842)
4(689 720 844 813)
4(812 813 844 843)
4(690 721 845 814)
4(813 814 845 844)
4(691 722 846 815)
4(814 815 846 845)
4(692 723 847 816)
4(815 816 847 846)
4(693 724 848 817)
4(816 817 848 847)
4(694 725 849 818)
4(817 818 849 848)
4(695 726 850 819)
4(818 819 850 849)
4(696 727 851 820)
4(819 820 851 850)
4(697 728 852 821)
4(820 821 852 851)
4(698 729 853 822)
4(821 822 853 852)
4(699 730 854 823)
4(822 823 854 853)
4(700 731 855 824)
4(823 824 855 854)
4(701 732 856 825)
4(824 825 856 855)
4(702 733 857 826)
4(825 826 857 856)
4(703 734 858 827)
4(826 827 858 857)
4(704 735 859 828)
4(827 828 859 858)
4(705 736 860 829)
4(828 829 860 859)
4(706 737 861 830)
4(829 830 861 860)
4(707 738 862 831)
4(830 831 862 861)
4(708 739 863 832)
4(831 832 863 862)
4(709 740 864 833)
4(832 833 864 863)
4(710 741 865 834)
4(833 834 865 864)
4(711 742 866 835)
4(834 835 866 865)
4(835 836 867 866)
4(745 776 900 869)
4(775 899 900 776)
4(868 869 900 899)
4(746 777 901 870)
4(776 900 901 777)
4(869 870 901 900)
4(747 778 902 871)
4(777 901 902 778)
4(870 871 902 901)
4(748 779 903 872)
4(778 902 903 779)
4(871 872 903 902)
4(749 780 904 873)
4(779 903 904 780)
4(872 873 904 903)
4(750 781 905 874)
4(780 904 905 781)
4(873 874 905 904)
4(751 782 906 875)
4(781 905 906 782)
4(874 875 906 905)
4(752 783 907 876)
4(782 906 907 783)
4(875 876 907 906)
4(753 784 908 877)
4(783 907 908 784)
4(876 877 908 907)
4(754 785 909 878)
4(784 908 909 785)
4(877 878 909 908)
4(755 786 910 879)
4(785 909 910 786)
4(878 879 910 909)
4(756 787 911 880)
4(786 910 911 787)
4(879 880 911 910)
4(757 788 912 881)
4(787 911 912 788)
4(880 881 912 911)
4(758 789 913 882)
4(788 912 913 789)
4(881 882 913 912)
4(759 790 914 883)
4(789 913 914 790)
4(882 883 914 913)
4(760 791 915 884)
4(790 914 915 791)
4(883 884 915 914)
4(761 792 916 885)
4(791 915 916 792)
4(884 885 916 915)
4(762 793 917 886)
4(792 916 917 793)
4(885 886 917 916)
4(763 794 918 887)
4(793 917 918 794)
4(886 887 918 917)
4(764 795 919 888)
4(794 918 919 795)
4(887 888 919 918)
4(765 796 920 889)
4(795 919 920 796)
4(888 889 920 919)
4(766 797 921 890)
4(796 920 921 797)
4(889 890 921 920)
4(767 798 922 891)
4(797 921 922 798)
4(890 891 922 921)
4(768 799 923 892)
4(798 922 923 799)
4(891 892 923 922)
4(769 800 924 893)
4(799 923 924 800)
4(892 893 924 923)
4(770 801 925 894)
4(800 924 925 801)
4(893 894 925 924)
4(771 802 926 895)
4(801 925 926 802)
4(894 895 926 925)
4(772 803 927 896)
4(802 926 927 803)
4(895 896 927 926)
4(773 804 928 897)
4(803 927 928 804)
4(896 897 928 927)
4(804 928 929 805)
4(897 898 929 928)
4(776 807 931 900)
4(806 930 931 807)
4(899 900 931 930)
4(777 808 932 901)
4(807 931 932 808)
4(900 901 932 931)
4(778 809 933 902)
4(808 932 933 809)
4(901 902 933 932)
4(779 810 934 903)
4(809 933 934 810)
4(902 903 934 933)
4(780 811 935 904)
4(810 934 935 811)
4(903 904 935 934)
4(781 812 936 905)
4(811 935 936 812)
4(904 905 936 935)
4(782 813 937 906)
4(812 936 937 813)
4(905 906 937 936)
4(783 814 938 907)
4(813 937 938 814)
4(906 907 938 937)
4(784 815 939 908)
4(814 938 939 815)
4(907 908 939 938)
4(785 816 940 909)
4(815 939 940 816)
4(908 909 940 939)
4(786 817 941 910)
4(816 940 941 817)
4(909 910 941 940)
4(787 818 942 911)
4(817 941 942 818)
4(910 911 942 941)
4(788 819 943 912)
4(818 942 943 819)
4(911 912 943 942)
4(789 820 944 913)
4(819 943 944 820)
4(912 913 944 943)
4(790 821 945 914)
4(820 944 945 821)
4(913 914 945 944)
4(791 822 946 915)
4(821 945 946 822)
4(914 915 946 945)
4(792 823 947 916)
4(822 946 947 823)
4(915 916 947 946)
4(793 824 948 917)
4(823 947 948 824)
4(916 917 948 947)
4(794 825 949 918)
4(824 948 949 825)
4(917 918 949 948)
4(795 826 950 919)
4(825 949 950 826)
4(918 919 950 949)
4(796 827 951 920)
4(826 950 951 827)
4(919 920 951 950)
4(797 828 952 921)
4(827 951 952 828)
4(920 921 952 951)
4(798 829 953 922)
4(828 952 953 829)
4(921 922 953 952)
4(799 830 954 923)
4(829 953 954 830)
4(922 923 954 953)
4(800 831 955 924)
4(830 954 955 831)
4(923 924 955 954)
4(801 832 956 925)
4(831 955 956 832)
4(924 925 956 955)
4(802 833 957 926)
4(832 956 957 833)
4(925 926 957 956)
4(803 834 958 927)
4(833 957 958 834)
4(926 927 958 957)
4(804 835 959 928)
4(834 958 959 835)
4(927 928 959 958)
4(835 959 960 836)
4(928 929 960 959)
4(807 838 962 931)
4(930 931 962 961)
4(808 839 963 932)
4(931 932 963 962)
4(809 840 964 933)
4(932 933 964 963)
4(810 841 965 934)
4(933 934 965 964)
4(811 842 966 935)
4(934 935 966 965)
4(812 843 967 936)
4(935 936 967 966)
4(813 844 968 937)
4(936 937 968 967)
4(814 845 969 938)
4(937 938 969 968)
4(815 846 970 939)
4(938 939 970 969)
4(816 847 971 940)
4(939 940 971 970)
4(817 848 972 941)
4(940 941 972 971)
4(818 849 973 942)
4(941 942 973 972)
4(819 850 974 943)
4(942 943 974 973)
4(820 851 975 944)
4(943 944 975 974)
4(821 852 976 945)
4(944 945 976 975)
4(822 853 977 946)
4(945 946 977 976)
4(823 854 978 947)
4(946 947 978 977)
4(824 855 979 948)
4(947 948 979 978)
4(825 856 980 949)
4(948 949 980 979)
4(826 857 981 950)
4(949 950 981 980)
4(827 858 982 951)
4(950 951 982 981)
4(828 859 983 952)
4(951 952 983 982)
4(829 860 984 953)
4(952 953 984 983)
4(830 861 985 954)
4(953 954 985 984)
4(831 862 986 955)
4(954 955 986 985)
4(832 863 987 956)
4(955 956 987 986)
4(833 864 988 957)
4(956 957 988 987)
4(834 865 989 958)
4(957 958 989 988)
4(835 866 990 959)
4(958 959 990 989)
4(959 960 991 990)
4(869 900 1024 993)
4(899 1023 1024 900)
4(992 993 1024 1023)
4(870 901 1025 994)
4(900 1024 1025 901)
4(993 994 1025 1024)
4(871 902 1026 995)
4(901 1025 1026 902)
4(994 995 1026 1025)
4(872 903 1027 996)
4(902 1026 1027 903)
4(995 996 1027 1026)
4(873 904 1028 997)
4(903 1027 1028 904)
4(996 997 1028 1027)
4(874 905 1029 998)
4(904 1028 1029 905)
4(997 998 1029 1028)
4(875 906 1030 999)
4(905 1029 1030 906)
4(998 999 1030 1029)
4(876 907 1031 1000)
4(906 1030 1031 907)
4(999 1000 1031 1030)
4(877 908 1032 1001)
4(907 1031 1032 908)
4(1000 1001 1032 1031)
4(878 909 1033 1002)
4(908 1032 1033 909)
4(1001 1002 1033 1032)
4(879 910 1034 1003)
4(909 1033 1034 910)
4(1002 1003 1034 1033)
4(880 911 1035 1004)
4(910 1034 1035 911)
4(1003 1004 1035 1034)
4(881 912 1036 1005)
4(911 1035 1036 912)
4(1004 1005 1036 1035)
4(882 913 1037 1006)
4(912 1036 1037 913)
4(1005 1006 1037 1036)
4(883 914 1038 1007)
4(913 1037 1038 914)
4(1006 1007 1038 1037)
4(884 915 1039 1008)
4(914 1038 1039 915)
4(1007 1008 1039 1038)
4(885 916 1040 1009)
4(915 1039 1040 916)
4(1008 1009 1040 1039)
4(886 917 1041 1010)
4(916 1040 1041 917)
4(1009 1010 1041 1040)
4(887 918 1042 1011)
4(917 1041 1042 918)
4(1010 1011 1042 1041)
4(888 919 1043 1012)
4(918 1042 1043 919)
4(1011 1012 1043 1042)
4(889 920 1044 1013)
4(919 1043 1044 920)
4(1012 1013 1044 1043)
4(890 921 1045 1014)
4(920 1044 1045 921)
4(1013 1014 1045 1044)
4(891 922 1046 1015)
4(921 1045 1046 922)
4(1014 1015 1046 1045)
4(892 923 1047 1016)
4(922 1046 1047 923)
4(1015 1016 1047 1046)
4(893 924 1048 1017)
4(923 1047 1048 924)
4(1016 1017 1048 1047)
4(894 925 1049 1018)
4(924 1048 1049 925)
4(1017 1018 1049 1048)
4(895 926 1050 1019)
4(925 1049 1050 926)
4(1018 1019 1050 1049)
4(896 927 1051 1020)
4(926 1050 1051 927)
4(1019 1020 1051 1050)
4(897 928 1052 1021)
4(927 1051 1052 928)
4(1020 1021 1052 1051)
4(928 1052 1053 929)
4(1021 1022 1053 1052)
4(900 931 1055 1024)
4(930 1054 1055 931)
4(1023 1024 1055 1054)
4(901 932 1056 1025)
4(931 1055 1056 932)
4(1024 1025 1056 1055)
4(902 933 1057 1026)
4(932 1056 1057 933)
4(1025 1026 1057 1056)
4(903 934 1058 1027)
4(933 1057 1058 934)
4(1026 1027 1058 1057)
4(904 935 1059 1028)
4(934 1058 1059 935)
4(1027 1028 1059 1058)
4(905 936 1060 1029)
4(935 1059 1060 936)
4(1028 1029 1060 1059)
4(906 937 1061 1030)
4(936 1060 1061 937)
4(1029 1030 1061 1060)
4(907 938 1062 1031)
4(937 1061 1062 938)
4(1030 1031 1062 1061)
4(908 939 1063 1032)
4(938 1062 1063 939)
4(1031 1032 1063 1062)
4(909 940 1064 1033)
4(939 1063 1064 940)
4(1032 1033 1064 1063)
4(910 941 1065 1034)
4(940 1064 1065 941)
4(1033 1034 1065 1064)
4(911 942 1066 1035)
4(941 1065 1066 942)
4(1034 1035 1066 1065)
4(912 943 1067 1036)
4(942 1066 1067 943)
4(1035 1036 1067 1066)
4(913 944 1068 1037)
4(943 1067 1068 944)
4(1036 1037 1068 1067)
4(914 945 1069 1038)
4(944 1068 1069 945)
4(1037 1038 1069 1068)
4(915 946 1070 1039)
4(945 1069 1070 946)
4(1038 1039 1070 1069)
4(916 947 1071 1040)
4(946 1070 1071 947)
4(1039 1040 1071 1070)
4(917 948 1072 1041)
4(947 1071 1072 948)
4(1040 1041 1072 1071)
4(918 949 1073 1042)
4(948 1072 1073 949)
4(1041 1042 1073 1072)
4(919 950 1074 1043)
4(949 1073 1074 950)
4(1042 1043 1074 1073)
4(920 951 1075 1044)
4(950 1074 1075 951)
4(1043 1044 1075 1074)
4(921 952 1076 1045)
4(951 1075 1076 952)
4(1044 1045 1076 1075)
4(922 953 1077 1046)
4(952 1076 1077 953)
4(1045 1046 1077 1076)
4(923 954 1078 1047)
4(953 1077 1078 954)
4(1046 1047 1078 1077)
4(924 955 1079 1048)
4(954 1078 1079 955)
4(1047 1048 1079 1078)
4(925 956 1080 1049)
4(955 1079 1080 956)
4(1048 1049 1080 1079)
4(926 957 1081 1050)
4(956 1080 1081 957)
4(1049 1050 1081 1080)
4(927 958 1082 1051)
4(957 1081 1082 958)
4(1050 1051 1082 1081)
4(928 959 1083 1052)
4(958 1082 1083 959)
4(1051 1052 1083 1082)
4(959 1083 1084 960)
4(1052 1053 1084 1083)
4(931 962 1086 1055)
4(1054 1055 1086 1085)
4(932 963 1087 1056)
4(1055 1056 1087 1086)
4(933 964 1088 1057)
4(1056 1057 1088 1087)
4(934 965 1089 1058)
4(1057 1058 1089 1088)
4(935 966 1090 1059)
4(1058 1059 1090 1089)
4(936 967 1091 1060)
4(1059 1060 1091 1090)
4(937 968 1092 1061)
4(1060 1061 1092 1091)
4(938 969 1093 1062)
4(1061 1062 1093 1092)
4(939 970 1094 1063)
4(1062 1063 1094 1093)
4(940 971 1095 1064)
4(1063 1064 1095 1094)
4(941 972 1096 1065)
4(1064 1065 1096 1095)
4(942 973 1097 1066)
4(1065 1066 1097 1096)
4(943 974 1098 1067)
4(1066 1067 1098 1097)
4(944 975 1099 1068)
4(1067 1068 1099 1098)
4(945 976 1100 1069)
4(1068 1069 1100 1099)
4(946 977 1101 1070)
4(1069 1070 1101 1100)
4(947 978 1102 1071)
4(1070 1071 1102 1101)
4(948 979 1103 1072)
4(1071 1072 1103 1102)
4(949 980 1104 1073)
4(1072 1073 1104 1103)
4(950 981 1105 1074)
4(1073 1074 1105 1104)
4(951 982 1106 1075)
4(1074 1075 1106 1105)
4(952 983 1107 1076)
4(1075 1076 1107 1106)
4(953 984 1108 1077)
4(1076 1077 1108 1107)
4(954 985 1109 1078)
4(1077 1078 1109 1108)
4(955 986 1110 1079)
4(1078 1079 1110 1109)
4(956 987 1111 1080)
4(1079 1080 1111 1110)
4(957 988 1112 1081)
4(1080 1081 1112 1111)
4(958 989 1113 1082)
4(1081 1082 1113 1112)
4(959 990 1114 1083)
4(1082 1083 1114 1113)
4(1083 1084 1115 1114)
4(993 1024 1148 1117)
4(1023 1147 1148 1024)
4(1116 1117 1148 1147)
4(994 1025 1149 1118)
4(1024 1148 1149 1025)
4(1117 1118 1149 1148)
4(995 1026 1150 1119)
4(1025 1149 1150 1026)
4(1118 1119 1150 1149)
4(996 1027 1151 1120)
4(1026 1150 1151 1027)
4(1119 1120 1151 1150)
4(997 1028 1152 1121)
4(1027 1151 1152 1028)
4(1120 1121 1152 1151)
4(998 1029 1153 1122)
4(1028 1152 1153 1029)
4(1121 1122 1153 1152)
4(999 1030 1154 1123)
4(1029 1153 1154 1030)
4(1122 1123 1154 1153)
4(1000 1031 1155 1124)
4(1030 1154 1155 1031)
4(1123 1124 1155 1154)
4(1001 1032 1156 1125)
4(1031 1155 1156 1032)
4(1124 1125 1156 1155)
4(1002 1033 1157 1126)
4(1032 1156 1157 1033)
4(1125 1126 1157 1156)
4(1003 1034 1158 1127)
4(1033 1157 1158 1034)
4(1126 1127 1158 1157)
4(1004 1035 1159 1128)
4(1034 1158 1159 1035)
4(1127 1128 1159 1158)
4(1005 1036 1160 1129)
4(1035 1159 1160 1036)
4(1128 1129 1160 1159)
4(1006 1037 1161 1130)
4(1036 1160 1161 1037)
4(1129 1130 1161 1160)
4(1007 1038 1162 1131)
4(1037 1161 1162 1038)
4(1130 1131 1162 1161)
4(1008 1039 1163 1132)
4(1038 1162 1163 1039)
4(1131 1132 1163 1162)
4(1009 1040 1164 1133)
4(1039 1163 1164 1040)
4(1132 1133 1164 1163)
4(1010 1041 1165 1134)
4(1040 1164 1165 1041)
4(1133 1134 1165 1164)
4(1011 1042 1166 1135)
4(1041 1165 1166 1042)
4(1134 1135 1166 1165)
4(1012 1043 1167 1136)
4(1042 1166 1167 1043)
4(1135 1136 1167 1166)
4(1013 1044 1168 1137)
4(1043 1167 1168 1044)
4(1136 1137 1168 1167)
4(1014 1045 1169 1138)
4(1044 1168 1169 1045)
4(1137 1138 1169 1168)
4(1015 1046 1170 1139)
4(1045 1169 1170 1046)
4(1138 1139 1170 1169)
4(1016 1047 1171 1140)
4(1046 1170 1171 1047)
4(1139 1140 1171 1170)
4(1017 1048 1172 1141)
4(1047 1171 1172 1048)
4(1140 1141 1172 1171)
4(1018 1049 1173 1142)
4(1048 1172 1173 1049)
4(1141 1142 1173 1172)
4(1019 1050 1174 1143)
4(1049 1173 1174 1050)
4(1142 1143 1174 1173)
4(1020 1051 1175 1144)
4(1050 1174 1175 1051)
4(1143 1144 1175 1174)
4(1021 1052 1176 1145)
4(1051 1175 1176 1052)
4(1144 1145 1176 1175)
4(1052 1176 1177 1053)
4(1145 1146 1177 1176)
4(1024 1055 1179 1148)
4(1054 1178 1179 1055)
4(1147 1148 1179 1178)
4(1025 1056 1180 1149)
4(1055 1179 1180 1056)
4(1148 1149 1180 1179)
4(1026 1057 1181 1150)
4(1056 1180 1181 1057)
4(1149 1150 1181 1180)
4(1027 1058 1182 1151)
4(1057 1181 1182 1058)
4(1150 1151 1182 1181)
4(1028 1059 1183 1152)
4(1058 1182 1183 1059)
4(1151 1152 1183 1182)
4(1029 1060 1184 1153)
4(1059 1183 1184 1060)
4(1152 1153 1184 1183)
4(1030 1061 1185 1154)
4(1060 1184 1185 1061)
4(1153 1154 1185 1184)
4(1031 1062 1186 1155)
4(1061 1185 1186 1062)
4(1154 1155 1186 1185)
4(1032 1063 1187 1156)
4(1062 1186 1187 1063)
4(1155 1156 1187 1186)
4(1033 1064 1188 1157)
4(1063 1187 1188 1064)
4(1156 1157 1188 1187)
4(1034 1065 1189 1158)
4(1064 1188 1189 1065)
4(1157 1158 1189 1188)
4(1035 1066 1190 1159)
4(1065 1189 1190 1066)
4(1158 1159 1190 1189)
4(1036 1067 1191 1160)
4(1066 1190 1191 1067)
4(1159 1160 1191 1190)
4(1037 1068 1192 1161)
4(1067 1191 1192 1068)
4(1160 1161 1192 1191)
4(1038 1069 1193 1162)
4(1068 1192 1193 1069)
4(1161 1162 1193 1192)
4(1039 1070 1194 1163)
4(1069 1193 1194 1070)
4(1162 1163 1194 1193)
4(1040 1071 1195 1164)
4(1070 1194 1195 1071)
4(1163 1164 1195 1194)
4(1041 1072 1196 1165)
4(1071 1195 1196 1072)
4(1164 1165 1196 1195)
4(1042 1073 1197 1166)
4(1072 1196 1197 1073)
4(1165 1166 1197 1196)
4(1043 1074 1198 1167)
4(1073 1197 1198 1074)
4(1166 1167 1198 1197)
4(1044 1075 1199 1168)
4(1074 1198 1199 1075)
4(1167 1168 1199 1198)
4(1045 1076 1200 1169)
4(1075 1199 1200 1076)
4(1168 1169 1200 1199)
4(1046 1077 1201 1170)
4(1076 1200 1201 1077)
4(1169 1170 1201 1200)
4(1047 1078 1202 1171)
4(1077 1201 1202 1078)
4(1170 1171 1202 1201)
4(1048 1079 1203 1172)
4(1078 1202 1203 1079)
4(1171 1172 1203 1202)
4(1049 1080 1204 1173)
4(1079 1203 1204 1080)
4(1172 1173 1204 1203)
4(1050 1081 1205 1174)
4(1080 1204 1205 1081)
4(1173 1174 1205 1204)
4(1051 1082 1206 1175)
4(1081 1205 1206 1082)
4(1174 1175 1206 1205)
4(1052 1083 1207 1176)
4(1082 1206 1207 1083)
4(1175 1176 1207 1206)
4(1083 1207 1208 1084)
4(1176 1177 1208 1207)
4(1055 1086 1210 1179)
4(1178 1179 1210 1209)
4(1056 1087 1211 1180)
4(1179 1180 1211 1210)
4(1057 1088 1212 1181)
4(1180 1181 1212 1211)
4(1058 1089 1213 1182)
4(1181 1182 1213 1212)
4(1059 1090 1214 1183)
4(1182 1183 1214 1213)
4(1060 1091 1215 1184)
4(1183 1184 1215 1214)
4(1061 1092 1216 1185)
4(1184 1185 1216 1215)
4(1062 1093 1217 1186)
4(1185 1186 1217 1216)
4(1063 1094 1218 1187)
4(1186 1187 1218 1217)
4(1064 1095 1219 1188)
4(1187 1188 1219 1218)
4(1065 1096 1220 1189)
4(1188 1189 1220 1219)
4(1066 1097 1221 1190)
4(1189 1190 1221 1220)
4(1067 1098 1222 1191)
4(1190 1191 1222 1221)
4(1068 1099 1223 1192)
4(1191 1192 1223 1222)
4(1069 1100 1224 1193)
4(1192 1193 1224 1223)
4(1070 1101 1225 1194)
4(1193 1194 1225 1224)
4(1071 1102 1226 1195)
4(1194 1195 1226 1225)
4(1072 1103 1227 1196)
4(1195 1196 1227 1226)
4(1073 1104 1228 1197)
4(1196 1197 1228 1227)
4(1074 1105 1229 1198)
4(1197 1198 1229 1228)
4(1075 1106 1230 1199)
4(1198 1199 1230 1229)
4(1076 1107 1231 1200)
4(1199 1200 1231 1230)
4(1077 1108 1232 1201)
4(1200 1201 1232 1231)
4(1078 1109 1233 1202)
4(1201 1202 1233 1232)
4(1079 1110 1234 1203)
4(1202 1203 1234 1233)
4(1080 1111 1235 1204)
4(1203 1204 1235 1234)
4(1081 1112 1236 1205)
4(1204 1205 1236 1235)
4(1082 1113 1237 1206)
4(1205 1206 1237 1236)
4(1083 1114 1238 1207)
4(1206 1207 1238 1237)
4(1207 1208 1239 1238)
4(1117 1148 1272 1241)
4(1147 1271 1272 1148)
4(1118 1149 1273 1242)
4(1148 1272 1273 1149)
4(1119 1150 1274 1243)
4(1149 1273 1274 1150)
4(1120 1151 1275 1244)
4(1150 1274 1275 1151)
4(1121 1152 1276 1245)
4(1151 1275 1276 1152)
4(1122 1153 1277 1246)
4(1152 1276 1277 1153)
4(1123 1154 1278 1247)
4(1153 1277 1278 1154)
4(1124 1155 1279 1248)
4(1154 1278 1279 1155)
4(1125 1156 1280 1249)
4(1155 1279 1280 1156)
4(1126 1157 1281 1250)
4(1156 1280 1281 1157)
4(1127 1158 1282 1251)
4(1157 1281 1282 1158)
4(1128 1159 1283 1252)
4(1158 1282 1283 1159)
4(1129 1160 1284 1253)
4(1159 1283 1284 1160)
4(1130 1161 1285 1254)
4(1160 1284 1285 1161)
4(1131 1162 1286 1255)
4(1161 1285 1286 1162)
4(1132 1163 1287 1256)
4(1162 1286 1287 1163)
4(1133 1164 1288 1257)
4(1163 1287 1288 1164)
4(1134 1165 1289 1258)
4(1164 1288 1289 1165)
4(1135 1166 1290 1259)
4(1165 1289 1290 1166)
4(1136 1167 1291 1260)
4(1166 1290 1291 1167)
4(1137 1168 1292 1261)
4(1167 1291 1292 1168)
4(1138 1169 1293 1262)
4(1168 1292 1293 1169)
4(1139 1170 1294 1263)
4(1169 1293 1294 1170)
4(1140 1171 1295 1264)
4(1170 1294 1295 1171)
4(1141 1172 1296 1265)
4(1171 1295 1296 1172)
4(1142 1173 1297 1266)
4(1172 1296 1297 1173)
4(1143 1174 1298 1267)
4(1173 1297 1298 1174)
4(1144 1175 1299 1268)
4(1174 1298 1299 1175)
4(1145 1176 1300 1269)
4(1175 1299 1300 1176)
4(1176 1300 1301 1177)
4(1148 1179 1303 1272)
4(1178 1302 1303 1179)
4(1149 1180 1304 1273)
4(1179 1303 1304 1180)
4(1150 1181 1305 1274)
4(1180 1304 1305 1181)
4(1151 1182 1306 1275)
4(1181 1305 1306 1182)
4(1152 1183 1307 1276)
4(1182 1306 1307 1183)
4(1153 1184 1308 1277)
4(1183 1307 1308 1184)
4(1154 1185 1309 1278)
4(1184 1308 1309 1185)
4(1155 1186 1310 1279)
4(1185 1309 1310 1186)
4(1156 1187 1311 1280)
4(1186 1310 1311 1187)
4(1157 1188 1312 1281)
4(1187 1311 1312 1188)
4(1158 1189 1313 1282)
4(1188 1312 1313 1189)
4(1159 1190 1314 1283)
4(1189 1313 1314 1190)
4(1160 1191 1315 1284)
4(1190 1314 1315 1191)
4(1161 1192 1316 1285)
4(1191 1315 1316 1192)
4(1162 1193 1317 1286)
4(1192 1316 1317 1193)
4(1163 1194 1318 1287)
4(1193 1317 1318 1194)
4(1164 1195 1319 1288)
4(1194 1318 1319 1195)
4(1165 1196 1320 1289)
4(1195 1319 1320 1196)
4(1166 1197 1321 1290)
4(1196 1320 1321 1197)
4(1167 1198 1322 1291)
4(1197 1321 1322 1198)
4(1168 1199 1323 1292)
4(1198 1322 1323 1199)
4(1169 1200 1324 1293)
4(1199 1323 1324 1200)
4(1170 1201 1325 1294)
4(1200 1324 1325 1201)
4(1171 1202 1326 1295)
4(1201 1325 1326 1202)
4(1172 1203 1327 1296)
4(1202 1326 1327 1203)
4(1173 1204 1328 1297)
4(1203 1327 1328 1204)
4(1174 1205 1329 1298)
4(1204 1328 1329 1205)
4(1175 1206 1330 1299)
4(1205 1329 1330 1206)
4(1176 1207 1331 1300)
4(1206 1330 1331 1207)
4(1207 1331 1332 1208)
4(1179 1210 1334 1303)
4(1180 1211 1335 1304)
4(1181 1212 1336 1305)
4(1182 1213 1337 1306)
4(1183 1214 1338 1307)
4(1184 1215 1339 1308)
4(1185 1216 1340 1309)
4(1186 1217 1341 1310)
4(1187 1218 1342 1311)
4(1188 1219 1343 1312)
4(1189 1220 1344 1313)
4(1190 1221 1345 1314)
4(1191 1222 1346 1315)
4(1192 1223 1347 1316)
4(1193 1224 1348 1317)
4(1194 1225 1349 1318)
4(1195 1226 1350 1319)
4(1196 1227 1351 1320)
4(1197 1228 1352 1321)
4(1198 1229 1353 1322)
4(1199 1230 1354 1323)
4(1200 1231 1355 1324)
4(1201 1232 1356 1325)
4(1202 1233 1357 1326)
4(1203 1234 1358 1327)
4(1204 1235 1359 1328)
4(1205 1236 1360 1329)
4(1206 1237 1361 1330)
4(1207 1238 1362 1331)
4(93 217 218 94)
4(217 341 342 218)
4(341 465 466 342)
4(465 589 590 466)
4(589 713 714 590)
4(713 837 838 714)
4(837 961 962 838)
4(961 1085 1086 962)
4(1085 1209 1210 1086)
4(1209 1333 1334 1210)
4(94 218 219 95)
4(218 342 343 219)
4(342 466 467 343)
4(466 590 591 467)
4(590 714 715 591)
4(714 838 839 715)
4(838 962 963 839)
4(962 1086 1087 963)
4(1086 1210 1211 1087)
4(1210 1334 1335 1211)
4(95 219 220 96)
4(219 343 344 220)
4(343 467 468 344)
4(467 591 592 468)
4(591 715 716 592)
4(715 839 840 716)
4(839 963 964 840)
4(963 1087 1088 964)
4(1087 1211 1212 1088)
4(1211 1335 1336 1212)
4(96 220 221 97)
4(220 344 345 221)
4(344 468 469 345)
4(468 592 593 469)
4(592 716 717 593)
4(716 840 841 717)
4(840 964 965 841)
4(964 1088 1089 965)
4(1088 1212 1213 1089)
4(1212 1336 1337 1213)
4(97 221 222 98)
4(221 345 346 222)
4(345 469 470 346)
4(469 593 594 470)
4(593 717 718 594)
4(717 841 842 718)
4(841 965 966 842)
4(965 1089 1090 966)
4(1089 1213 1214 1090)
4(1213 1337 1338 1214)
4(98 222 223 99)
4(222 346 347 223)
4(346 470 471 347)
4(470 594 595 471)
4(594 718 719 595)
4(718 842 843 719)
4(842 966 967 843)
4(966 1090 1091 967)
4(1090 1214 1215 1091)
4(1214 1338 1339 1215)
4(99 223 224 100)
4(223 347 348 224)
4(347 471 472 348)
4(471 595 596 472)
4(595 719 720 596)
4(719 843 844 720)
4(843 967 968 844)
4(967 1091 1092 968)
4(1091 1215 1216 1092)
4(1215 1339 1340 1216)
4(100 224 225 101)
4(224 348 349 225)
4(348 472 473 349)
4(472 596 597 473)
4(596 720 721 597)
4(720 844 845 721)
4(844 968 969 845)
4(968 1092 1093 969)
4(1092 1216 1217 1093)
4(1216 1340 1341 1217)
4(101 225 226 102)
4(225 349 350 226)
4(349 473 474 350)
4(473 597 598 474)
4(597 721 722 598)
4(721 845 846 722)
4(845 969 970 846)
4(969 1093 1094 970)
4(1093 1217 1218 1094)
4(1217 1341 1342 1218)
4(102 226 227 103)
4(226 350 351 227)
4(350 474 475 351)
4(474 598 599 475)
4(598 722 723 599)
4(722 846 847 723)
4(846 970 971 847)
4(970 1094 1095 971)
4(1094 1218 1219 1095)
4(1218 1342 1343 1219)
4(103 227 228 104)
4(227 351 352 228)
4(351 475 476 352)
4(475 599 600 476)
4(599 723 724 600)
4(723 847 848 724)
4(847 971 972 848)
4(971 1095 1096 972)
4(1095 1219 1220 1096)
4(1219 1343 1344 1220)
4(104 228 229 105)
4(228 352 353 229)
4(352 476 477 353)
4(476 600 601 477)
4(600 724 725 601)
4(724 848 849 725)
4(848 972 973 849)
4(972 1096 1097 973)
4(1096 1220 1221 1097)
4(1220 1344 1345 1221)
4(105 229 230 106)
4(229 353 354 230)
4(353 477 478 354)
4(477 601 602 478)
4(601 725 726 602)
4(725 849 850 726)
4(849 973 974 850)
4(973 1097 1098 974)
4(1097 1221 1222 1098)
4(1221 1345 1346 1222)
4(106 230 231 107)
4(230 354 355 231)
4(354 478 479 355)
4(478 602 603 479)
4(602 726 727 603)
4(726 850 851 727)
4(850 974 975 851)
4(974 1098 1099 975)
4(1098 1222 1223 1099)
4(1222 1346 1347 1223)
4(107 231 232 108)
4(231 355 356 232)
4(355 479 480 356)
4(479 603 604 480)
4(603 727 728 604)
4(727 851 852 728)
4(851 975 976 852)
4(975 1099 1100 976)
4(1099 1223 1224 1100)
4(1223 1347 1348 1224)
4(108 232 233 109)
4(232 356 357 233)
4(356 480 481 357)
4(480 604 605 481)
4(604 728 729 605)
4(728 852 853 729)
4(852 976 977 853)
4(976 1100 1101 977)
4(1100 1224 1225 1101)
4(1224 1348 1349 1225)
4(109 233 234 110)
4(233 357 358 234)
4(357 481 482 358)
4(481 605 606 482)
4(605 729 730 606)
4(729 853 854 730)
4(853 977 978 854)
4(977 1101 1102 978)
4(1101 1225 1226 1102)
4(1225 1349 1350 1226)
4(110 234 235 111)
4(234 358 359 235)
4(358 482 483 359)
4(482 606 607 483)
4(606 730 731 607)
4(730 854 855 731)
4(854 978 979 855)
4(978 1102 1103 979)
4(1102 1226 1227 1103)
4(1226 1350 1351 1227)
4(111 235 236 112)
4(235 359 360 236)
4(359 483 484 360)
4(483 607 608 484)
4(607 731 732 608)
4(731 855 856 732)
4(855 979 980 856)
4(979 1103 1104 980)
4(1103 1227 1228 1104)
4(1227 1351 1352 1228)
4(112 236 237 113)
4(236 360 361 237)
4(360 484 485 361)
4(484 608 609 485)
4(608 732 733 609)
4(732 856 857 733)
4(856 980 981 857)
4(980 1104 1105 981)
4(1104 1228 1229 1105)
4(1228 1352 1353 1229)
4(113 237 238 114)
4(237 361 362 238)
4(361 485 486 362)
4(485 609 610 486)
4(609 733 734 610)
4(733 857 858 734)
4(857 981 982 858)
4(981 1105 1106 982)
4(1105 1229 1230 1106)
4(1229 1353 1354 1230)
4(114 238 239 115)
4(238 362 363 239)
4(362 486 487 363)
4(486 610 611 487)
4(610 734 735 611)
4(734 858 859 735)
4(858 982 983 859)
4(982 1106 1107 983)
4(1106 1230 1231 1107)
4(1230 1354 1355 1231)
4(115 239 240 116)
4(239 363 364 240)
4(363 487 488 364)
4(487 611 612 488)
4(611 735 736 612)
4(735 859 860 736)
4(859 983 984 860)
4(983 1107 1108 984)
4(1107 1231 1232 1108)
4(1231 1355 1356 1232)
4(116 240 241 117)
4(240 364 365 241)
4(364 488 489 365)
4(488 612 613 489)
4(612 736 737 613)
4(736 860 861 737)
4(860 984 985 861)
4(984 1108 1109 985)
4(1108 1232 1233 1109)
4(1232 1356 1357 1233)
4(117 241 242 118)
4(241 365 366 242)
4(365 489 490 366)
4(489 613 614 490)
4(613 737 738 614)
4(737 861 862 738)
4(861 985 986 862)
4(985 1109 1110 986)
4(1109 1233 1234 1110)
4(1233 1357 1358 1234)
4(118 242 243 119)
4(242 366 367 243)
4(366 490 491 367)
4(490 614 615 491)
4(614 738 739 615)
4(738 862 863 739)
4(862 986 987 863)
4(986 1110 1111 987)
4(1110 1234 1235 1111)
4(1234 1358 1359 1235)
4(119 243 244 120)
4(243 367 368 244)
4(367 491 492 368)
4(491 615 616 492)
4(615 739 740 616)
4(739 863 864 740)
4(863 987 988 864)
4(987 1111 1112 988)
4(1111 1235 1236 1112)
4(1235 1359 1360 1236)
4(120 244 245 121)
4(244 368 369 245)
4(368 492 493 369)
4(492 616 617 493)
4(616 740 741 617)
4(740 864 865 741)
4(864 988 989 865)
4(988 1112 1113 989)
4(1112 1236 1237 1113)
4(1236 1360 1361 1237)
4(121 245 246 122)
4(245 369 370 246)
4(369 493 494 370)
4(493 617 618 494)
4(617 741 742 618)
4(741 865 866 742)
4(865 989 990 866)
4(989 1113 1114 990)
4(1113 1237 1238 1114)
4(1237 1361 1362 1238)
4(122 246 247 123)
4(246 370 371 247)
4(370 494 495 371)
4(494 618 619 495)
4(618 742 743 619)
4(742 866 867 743)
4(866 990 991 867)
4(990 1114 1115 991)
4(1114 1238 1239 1115)
4(1238 1362 1363 1239)
4(0 124 155 31)
4(31 155 186 62)
4(62 186 217 93)
4(124 248 279 155)
4(155 279 310 186)
4(186 310 341 217)
4(248 372 403 279)
4(279 403 434 310)
4(310 434 465 341)
4(372 496 527 403)
4(403 527 558 434)
4(434 558 589 465)
4(496 620 651 527)
4(527 651 682 558)
4(558 682 713 589)
4(620 744 775 651)
4(651 775 806 682)
4(682 806 837 713)
4(744 868 899 775)
4(775 899 930 806)
4(806 930 961 837)
4(868 992 1023 899)
4(899 1023 1054 930)
4(930 1054 1085 961)
4(992 1116 1147 1023)
4(1023 1147 1178 1054)
4(1054 1178 1209 1085)
4(1116 1240 1271 1147)
4(1147 1271 1302 1178)
4(1178 1302 1333 1209)
4(30 61 185 154)
4(61 92 216 185)
4(92 123 247 216)
4(154 185 309 278)
4(185 216 340 309)
4(216 247 371 340)
4(278 309 433 402)
4(309 340 464 433)
4(340 371 495 464)
4(402 433 557 526)
4(433 464 588 557)
4(464 495 619 588)
4(526 557 681 650)
4(557 588 712 681)
4(588 619 743 712)
4(650 681 805 774)
4(681 712 836 805)
4(712 743 867 836)
4(774 805 929 898)
4(805 836 960 929)
4(836 867 991 960)
4(898 929 1053 1022)
4(929 960 1084 1053)
4(960 991 1115 1084)
4(1022 1053 1177 1146)
4(1053 1084 1208 1177)
4(1084 1115 1239 1208)
4(1146 1177 1301 1270)
4(1177 1208 1332 1301)
4(1208 1239 1363 1332)
4(0 31 32 1)
4(31 62 63 32)
4(62 93 94 63)
4(1 32 33 2)
4(32 63 64 33)
4(63 94 95 64)
4(2 33 34 3)
4(33 64 65 34)
4(64 95 96 65)
4(3 34 35 4)
4(34 65 66 35)
4(65 96 97 66)
4(4 35 36 5)
4(35 66 67 36)
4(66 97 98 67)
4(5 36 37 6)
4(36 67 68 37)
4(67 98 99 68)
4(6 37 38 7)
4(37 68 69 38)
4(68 99 100 69)
4(7 38 39 8)
4(38 69 70 39)
4(69 100 101 70)
4(8 39 40 9)
4(39 70 71 40)
4(70 101 102 71)
4(9 40 41 10)
4(40 71 72 41)
4(71 102 103 72)
4(10 41 42 11)
4(41 72 73 42)
4(72 103 104 73)
4(11 42 43 12)
4(42 73 74 43)
4(73 104 105 74)
4(12 43 44 13)
4(43 74 75 44)
4(74 105 106 75)
4(13 44 45 14)
4(44 75 76 45)
4(75 106 107 76)
4(14 45 46 15)
4(45 76 77 46)
4(76 107 108 77)
4(15 46 47 16)
4(46 77 78 47)
4(77 108 109 78)
4(16 47 48 17)
4(47 78 79 48)
4(78 109 110 79)
4(17 48 49 18)
4(48 79 80 49)
4(79 110 111 80)
4(18 49 50 19)
4(49 80 81 50)
4(80 111 112 81)
4(19 50 51 20)
4(50 81 82 51)
4(81 112 113 82)
4(20 51 52 21)
4(51 82 83 52)
4(82 113 114 83)
4(21 52 53 22)
4(52 83 84 53)
4(83 114 115 84)
4(22 53 54 23)
4(53 84 85 54)
4(84 115 116 85)
4(23 54 55 24)
4(54 85 86 55)
4(85 116 117 86)
4(24 55 56 25)
4(55 86 87 56)
4(86 117 118 87)
4(25 56 57 26)
4(56 87 88 57)
4(87 118 119 88)
4(26 57 58 27)
4(57 88 89 58)
4(88 119 120 89)
4(27 58 59 28)
4(58 89 90 59)
4(89 120 121 90)
4(28 59 60 29)
4(59 90 91 60)
4(90 121 122 91)
4(29 60 61 30)
4(60 91 92 61)
4(91 122 123 92)
4(1240 1241 1272 1271)
4(1271 1272 1303 1302)
4(1302 1303 1334 1333)
4(1241 1242 1273 1272)
4(1272 1273 1304 1303)
4(1303 1304 1335 1334)
4(1242 1243 1274 1273)
4(1273 1274 1305 1304)
4(1304 1305 1336 1335)
4(1243 1244 1275 1274)
4(1274 1275 1306 1305)
4(1305 1306 1337 1336)
4(1244 1245 1276 1275)
4(1275 1276 1307 1306)
4(1306 1307 1338 1337)
4(1245 1246 1277 1276)
4(1276 1277 1308 1307)
4(1307 1308 1339 1338)
4(1246 1247 1278 1277)
4(1277 1278 1309 1308)
4(1308 1309 1340 1339)
4(1247 1248 1279 1278)
4(1278 1279 1310 1309)
4(1309 1310 1341 1340)
4(1248 1249 1280 1279)
4(1279 1280 1311 1310)
4(1310 1311 1342 1341)
4(1249 1250 1281 1280)
4(1280 1281 1312 1311)
4(1311 1312 1343 1342)
4(1250 1251 1282 1281)
4(1281 1282 1313 1312)
4(1312 1313 1344 1343)
4(1251 1252 1283 1282)
4(1282 1283 1314 1313)
4(1313 1314 1345 1344)
4(1252 1253 1284 1283)
4(1283 1284 1315 1314)
4(1314 1315 1346 1345)
4(1253 1254 1285 1284)
4(1284 1285 1316 1315)
4(1315 1316 1347 1346)
4(1254 1255 1286 1285)
4(1285 1286 1317 1316)
4(1316 1317 1348 1347)
4(1255 1256 1287 1286)
4(1286 1287 1318 1317)
4(1317 1318 1349 1348)
4(1256 1257 1288 1287)
4(1287 1288 1319 1318)
4(1318 1319 1350 1349)
4(1257 1258 1289 1288)
4(1288 1289 1320 1319)
4(1319 1320 1351 1350)
4(1258 1259 1290 1289)
4(1289 1290 1321 1320)
4(1320 1321 1352 1351)
4(1259 1260 1291 1290)
4(1290 1291 1322 1321)
4(1321 1322 1353 1352)
4(1260 1261 1292 1291)
4(1291 1292 1323 1322)
4(1322 1323 1354 1353)
4(1261 1262 1293 1292)
4(1292 1293 1324 1323)
4(1323 1324 1355 1354)
4(1262 1263 1294 1293)
4(1293 1294 1325 1324)
4(1324 1325 1356 1355)
4(1263 1264 1295 1294)
4(1294 1295 1326 1325)
4(1325 1326 1357 1356)
4(1264 1265 1296 1295)
4(1295 1296 1327 1326)
4(1326 1327 1358 1357)
4(1265 1266 1297 1296)
4(1296 1297 1328 1327)
4(1327 1328 1359 1358)
4(1266 1267 1298 1297)
4(1297 1298 1329 1328)
4(1328 1329 1360 1359)
4(1267 1268 1299 1298)
4(1298 1299 1330 1329)
4(1329 1330 1361 1360)
4(1268 1269 1300 1299)
4(1299 1300 1331 1330)
4(1330 1331 1362 1361)
4(1269 1270 1301 1300)
4(1300 1301 1332 1331)
4(1331 1332 1363 1362)
4(0 1 125 124)
4(1 2 126 125)
4(2 3 127 126)
4(3 4 128 127)
4(4 5 129 128)
4(5 6 130 129)
4(6 7 131 130)
4(7 8 132 131)
4(8 9 133 132)
4(9 10 134 133)
4(10 11 135 134)
4(11 12 136 135)
4(12 13 137 136)
4(13 14 138 137)
4(14 15 139 138)
4(15 16 140 139)
4(16 17 141 140)
4(17 18 142 141)
4(18 19 143 142)
4(19 20 144 143)
4(20 21 145 144)
4(21 22 146 145)
4(22 23 147 146)
4(23 24 148 147)
4(24 25 149 148)
4(25 26 150 149)
4(26 27 151 150)
4(27 28 152 151)
4(28 29 153 152)
4(29 30 154 153)
4(124 125 249 248)
4(125 126 250 249)
4(126 127 251 250)
4(127 128 252 251)
4(128 129 253 252)
4(129 130 254 253)
4(130 131 255 254)
4(131 132 256 255)
4(132 133 257 256)
4(133 134 258 257)
4(134 135 259 258)
4(135 136 260 259)
4(136 137 261 260)
4(137 138 262 261)
4(138 139 263 262)
4(139 140 264 263)
4(140 141 265 264)
4(141 142 266 265)
4(142 143 267 266)
4(143 144 268 267)
4(144 145 269 268)
4(145 146 270 269)
4(146 147 271 270)
4(147 148 272 271)
4(148 149 273 272)
4(149 150 274 273)
4(150 151 275 274)
4(151 152 276 275)
4(152 153 277 276)
4(153 154 278 277)
4(248 249 373 372)
4(249 250 374 373)
4(250 251 375 374)
4(251 252 376 375)
4(252 253 377 376)
4(253 254 378 377)
4(254 255 379 378)
4(255 256 380 379)
4(256 257 381 380)
4(257 258 382 381)
4(258 259 383 382)
4(259 260 384 383)
4(260 261 385 384)
4(261 262 386 385)
4(262 263 387 386)
4(263 264 388 387)
4(264 265 389 388)
4(265 266 390 389)
4(266 267 391 390)
4(267 268 392 391)
4(268 269 393 392)
4(269 270 394 393)
4(270 271 395 394)
4(271 272 396 395)
4(272 273 397 396)
4(273 274 398 397)
4(274 275 399 398)
4(275 276 400 399)
4(276 277 401 400)
4(277 278 402 401)
4(372 373 497 496)
4(373 374 498 497)
4(374 375 499 498)
4(375 376 500 499)
4(376 377 501 500)
4(377 378 502 501)
4(378 379 503 502)
4(379 380 504 503)
4(380 381 505 504)
4(381 382 506 505)
4(382 383 507 506)
4(383 384 508 507)
4(384 385 509 508)
4(385 386 510 509)
4(386 387 511 510)
4(387 388 512 511)
4(388 389 513 512)
4(389 390 514 513)
4(390 391 515 514)
4(391 392 516 515)
4(392 393 517 516)
4(393 394 518 517)
4(394 395 519 518)
4(395 396 520 519)
4(396 397 521 520)
4(397 398 522 521)
4(398 399 523 522)
4(399 400 524 523)
4(400 401 525 524)
4(401 402 526 525)
4(496 497 621 620)
4(497 498 622 621)
4(498 499 623 622)
4(499 500 624 623)
4(500 501 625 624)
4(501 502 626 625)
4(502 503 627 626)
4(503 504 628 627)
4(504 505 629 628)
4(505 506 630 629)
4(506 507 631 630)
4(507 508 632 631)
4(508 509 633 632)
4(509 510 634 633)
4(510 511 635 634)
4(511 512 636 635)
4(512 513 637 636)
4(513 514 638 637)
4(514 515 639 638)
4(515 516 640 639)
4(516 517 641 640)
4(517 518 642 641)
4(518 519 643 642)
4(519 520 644 643)
4(520 521 645 644)
4(521 522 646 645)
4(522 523 647 646)
4(523 524 648 647)
4(524 525 649 648)
4(525 526 650 649)
4(620 621 745 744)
4(621 622 746 745)
4(622 623 747 746)
4(623 624 748 747)
4(624 625 749 748)
4(625 626 750 749)
4(626 627 751 750)
4(627 628 752 751)
4(628 629 753 752)
4(629 630 754 753)
4(630 631 755 754)
4(631 632 756 755)
4(632 633 757 756)
4(633 634 758 757)
4(634 635 759 758)
4(635 636 760 759)
4(636 637 761 760)
4(637 638 762 761)
4(638 639 763 762)
4(639 640 764 763)
4(640 641 765 764)
4(641 642 766 765)
4(642 643 767 766)
4(643 644 768 767)
4(644 645 769 768)
4(645 646 770 769)
4(646 647 771 770)
4(647 648 772 771)
4(648 649 773 772)
4(649 650 774 773)
4(744 745 869 868)
4(745 746 870 869)
4(746 747 871 870)
4(747 748 872 871)
4(748 749 873 872)
4(749 750 874 873)
4(750 751 875 874)
4(751 752 876 875)
4(752 753 877 876)
4(753 754 878 877)
4(754 755 879 878)
4(755 756 880 879)
4(756 757 881 880)
4(757 758 882 881)
4(758 759 883 882)
4(759 760 884 883)
4(760 761 885 884)
4(761 762 886 885)
4(762 763 887 886)
4(763 764 888 887)
4(764 765 889 888)
4(765 766 890 889)
4(766 767 891 890)
4(767 768 892 891)
4(768 769 893 892)
4(769 770 894 893)
4(770 771 895 894)
4(771 772 896 895)
4(772 773 897 896)
4(773 774 898 897)
4(868 869 993 992)
4(869 870 994 993)
4(870 871 995 994)
4(871 872 996 995)
4(872 873 997 996)
4(873 874 998 997)
4(874 875 999 998)
4(875 876 1000 999)
4(876 877 1001 1000)
4(877 878 1002 1001)
4(878 879 1003 1002)
4(879 880 1004 1003)
4(880 881 1005 1004)
4(881 882 1006 1005)
4(882 883 1007 1006)
4(883 884 1008 1007)
4(884 885 1009 1008)
4(885 886 1010 1009)
4(886 887 1011 1010)
4(887 888 1012 1011)
4(888 889 1013 1012)
4(889 890 1014 1013)
4(890 891 1015 1014)
4(891 892 1016 1015)
4(892 893 1017 1016)
4(893 894 1018 1017)
4(894 895 1019 1018)
4(895 896 1020 1019)
4(896 897 1021 1020)
4(897 898 1022 1021)
4(992 993 1117 1116)
4(993 994 1118 1117)
4(994 995 1119 1118)
4(995 996 1120 1119)
4(996 997 1121 1120)
4(997 998 1122 1121)
4(998 999 1123 1122)
4(999 1000 1124 1123)
4(1000 1001 1125 1124)
4(1001 1002 1126 1125)
4(1002 1003 1127 1126)
4(1003 1004 1128 1127)
4(1004 1005 1129 1128)
4(1005 1006 1130 1129)
4(1006 1007 1131 1130)
4(1007 1008 1132 1131)
4(1008 1009 1133 1132)
4(1009 1010 1134 1133)
4(1010 1011 1135 1134)
4(1011 1012 1136 1135)
4(1012 1013 1137 1136)
4(1013 1014 1138 1137)
4(1014 1015 1139 1138)
4(1015 1016 1140 1139)
4(1016 1017 1141 1140)
4(1017 1018 1142 1141)
4(1018 1019 1143 1142)
4(1019 1020 1144 1143)
4(1020 1021 1145 1144)
4(1021 1022 1146 1145)
4(1116 1117 1241 1240)
4(1117 1118 1242 1241)
4(1118 1119 1243 1242)
4(1119 1120 1244 1243)
4(1120 1121 1245 1244)
4(1121 1122 1246 1245)
4(1122 1123 1247 1246)
4(1123 1124 1248 1247)
4(1124 1125 1249 1248)
4(1125 1126 1250 1249)
4(1126 1127 1251 1250)
4(1127 1128 1252 1251)
4(1128 1129 1253 1252)
4(1129 1130 1254 1253)
4(1130 1131 1255 1254)
4(1131 1132 1256 1255)
4(1132 1133 1257 1256)
4(1133 1134 1258 1257)
4(1134 1135 1259 1258)
4(1135 1136 1260 1259)
4(1136 1137 1261 1260)
4(1137 1138 1262 1261)
4(1138 1139 1263 1262)
4(1139 1140 1264 1263)
4(1140 1141 1265 1264)
4(1141 1142 1266 1265)
4(1142 1143 1267 1266)
4(1143 1144 1268 1267)
4(1144 1145 1269 1268)
4(1145 1146 1270 1269)
)


// ************************************************************************* //
