/*--------------------------------*- C++ -*----------------------------------*\
  =========                 |
  \\      /  F ield         | OpenFOAM: The Open Source CFD Toolbox
   \\    /   O peration     | Website:  https://openfoam.org
    \\  /    A nd           | Version:  11
     \\/     M anipulation  |
\*---------------------------------------------------------------------------*/
FoamFile
{
    format      ascii;
    class       labelList;
    note        "nPoints:1364  nCells:900  nFaces:3120  nInternalFaces:2280";
    location    "constant/heater/polyMesh";
    object      neighbour;
}
// * * * * * * * * * * * * * * * * * * * * * * * * * * * * * * * * * * * * * //


2280
(
1
30
90
2
31
91
3
32
92
4
33
93
5
34
94
6
35
95
7
36
96
8
37
97
9
38
98
10
39
99
11
40
100
12
41
101
13
42
102
14
43
103
15
44
104
16
45
105
17
46
106
18
47
107
19
48
108
20
49
109
21
50
110
22
51
111
23
52
112
24
53
113
25
54
114
26
55
115
27
56
116
28
57
117
29
58
118
59
119
31
60
120
32
61
121
33
62
122
34
63
123
35
64
124
36
65
125
37
66
126
38
67
127
39
68
128
40
69
129
41
70
130
42
71
131
43
72
132
44
73
133
45
74
134
46
75
135
47
76
136
48
77
137
49
78
138
50
79
139
51
80
140
52
81
141
53
82
142
54
83
143
55
84
144
56
85
145
57
86
146
58
87
147
59
88
148
89
149
61
150
62
151
63
152
64
153
65
154
66
155
67
156
68
157
69
158
70
159
71
160
72
161
73
162
74
163
75
164
76
165
77
166
78
167
79
168
80
169
81
170
82
171
83
172
84
173
85
174
86
175
87
176
88
177
89
178
179
91
120
180
92
121
181
93
122
182
94
123
183
95
124
184
96
125
185
97
126
186
98
127
187
99
128
188
100
129
189
101
130
190
102
131
191
103
132
192
104
133
193
105
134
194
106
135
195
107
136
196
108
137
197
109
138
198
110
139
199
111
140
200
112
141
201
113
142
202
114
143
203
115
144
204
116
145
205
117
146
206
118
147
207
119
148
208
149
209
121
150
210
122
151
211
123
152
212
124
153
213
125
154
214
126
155
215
127
156
216
128
157
217
129
158
218
130
159
219
131
160
220
132
161
221
133
162
222
134
163
223
135
164
224
136
165
225
137
166
226
138
167
227
139
168
228
140
169
229
141
170
230
142
171
231
143
172
232
144
173
233
145
174
234
146
175
235
147
176
236
148
177
237
149
178
238
179
239
151
240
152
241
153
242
154
243
155
244
156
245
157
246
158
247
159
248
160
249
161
250
162
251
163
252
164
253
165
254
166
255
167
256
168
257
169
258
170
259
171
260
172
261
173
262
174
263
175
264
176
265
177
266
178
267
179
268
269
181
210
270
182
211
271
183
212
272
184
213
273
185
214
274
186
215
275
187
216
276
188
217
277
189
218
278
190
219
279
191
220
280
192
221
281
193
222
282
194
223
283
195
224
284
196
225
285
197
226
286
198
227
287
199
228
288
200
229
289
201
230
290
202
231
291
203
232
292
204
233
293
205
234
294
206
235
295
207
236
296
208
237
297
209
238
298
239
299
211
240
300
212
241
301
213
242
302
214
243
303
215
244
304
216
245
305
217
246
306
218
247
307
219
248
308
220
249
309
221
250
310
222
251
311
223
252
312
224
253
313
225
254
314
226
255
315
227
256
316
228
257
317
229
258
318
230
259
319
231
260
320
232
261
321
233
262
322
234
263
323
235
264
324
236
265
325
237
266
326
238
267
327
239
268
328
269
329
241
330
242
331
243
332
244
333
245
334
246
335
247
336
248
337
249
338
250
339
251
340
252
341
253
342
254
343
255
344
256
345
257
346
258
347
259
348
260
349
261
350
262
351
263
352
264
353
265
354
266
355
267
356
268
357
269
358
359
271
300
360
272
301
361
273
302
362
274
303
363
275
304
364
276
305
365
277
306
366
278
307
367
279
308
368
280
309
369
281
310
370
282
311
371
283
312
372
284
313
373
285
314
374
286
315
375
287
316
376
288
317
377
289
318
378
290
319
379
291
320
380
292
321
381
293
322
382
294
323
383
295
324
384
296
325
385
297
326
386
298
327
387
299
328
388
329
389
301
330
390
302
331
391
303
332
392
304
333
393
305
334
394
306
335
395
307
336
396
308
337
397
309
338
398
310
339
399
311
340
400
312
341
401
313
342
402
314
343
403
315
344
404
316
345
405
317
346
406
318
347
407
319
348
408
320
349
409
321
350
410
322
351
411
323
352
412
324
353
413
325
354
414
326
355
415
327
356
416
328
357
417
329
358
418
359
419
331
420
332
421
333
422
334
423
335
424
336
425
337
426
338
427
339
428
340
429
341
430
342
431
343
432
344
433
345
434
346
435
347
436
348
437
349
438
350
439
351
440
352
441
353
442
354
443
355
444
356
445
357
446
358
447
359
448
449
361
390
450
362
391
451
363
392
452
364
393
453
365
394
454
366
395
455
367
396
456
368
397
457
369
398
458
370
399
459
371
400
460
372
401
461
373
402
462
374
403
463
375
404
464
376
405
465
377
406
466
378
407
467
379
408
468
380
409
469
381
410
470
382
411
471
383
412
472
384
413
473
385
414
474
386
415
475
387
416
476
388
417
477
389
418
478
419
479
391
420
480
392
421
481
393
422
482
394
423
483
395
424
484
396
425
485
397
426
486
398
427
487
399
428
488
400
429
489
401
430
490
402
431
491
403
432
492
404
433
493
405
434
494
406
435
495
407
436
496
408
437
497
409
438
498
410
439
499
411
440
500
412
441
501
413
442
502
414
443
503
415
444
504
416
445
505
417
446
506
418
447
507
419
448
508
449
509
421
510
422
511
423
512
424
513
425
514
426
515
427
516
428
517
429
518
430
519
431
520
432
521
433
522
434
523
435
524
436
525
437
526
438
527
439
528
440
529
441
530
442
531
443
532
444
533
445
534
446
535
447
536
448
537
449
538
539
451
480
540
452
481
541
453
482
542
454
483
543
455
484
544
456
485
545
457
486
546
458
487
547
459
488
548
460
489
549
461
490
550
462
491
551
463
492
552
464
493
553
465
494
554
466
495
555
467
496
556
468
497
557
469
498
558
470
499
559
471
500
560
472
501
561
473
502
562
474
503
563
475
504
564
476
505
565
477
506
566
478
507
567
479
508
568
509
569
481
510
570
482
511
571
483
512
572
484
513
573
485
514
574
486
515
575
487
516
576
488
517
577
489
518
578
490
519
579
491
520
580
492
521
581
493
522
582
494
523
583
495
524
584
496
525
585
497
526
586
498
527
587
499
528
588
500
529
589
501
530
590
502
531
591
503
532
592
504
533
593
505
534
594
506
535
595
507
536
596
508
537
597
509
538
598
539
599
511
600
512
601
513
602
514
603
515
604
516
605
517
606
518
607
519
608
520
609
521
610
522
611
523
612
524
613
525
614
526
615
527
616
528
617
529
618
530
619
531
620
532
621
533
622
534
623
535
624
536
625
537
626
538
627
539
628
629
541
570
630
542
571
631
543
572
632
544
573
633
545
574
634
546
575
635
547
576
636
548
577
637
549
578
638
550
579
639
551
580
640
552
581
641
553
582
642
554
583
643
555
584
644
556
585
645
557
586
646
558
587
647
559
588
648
560
589
649
561
590
650
562
591
651
563
592
652
564
593
653
565
594
654
566
595
655
567
596
656
568
597
657
569
598
658
599
659
571
600
660
572
601
661
573
602
662
574
603
663
575
604
664
576
605
665
577
606
666
578
607
667
579
608
668
580
609
669
581
610
670
582
611
671
583
612
672
584
613
673
585
614
674
586
615
675
587
616
676
588
617
677
589
618
678
590
619
679
591
620
680
592
621
681
593
622
682
594
623
683
595
624
684
596
625
685
597
626
686
598
627
687
599
628
688
629
689
601
690
602
691
603
692
604
693
605
694
606
695
607
696
608
697
609
698
610
699
611
700
612
701
613
702
614
703
615
704
616
705
617
706
618
707
619
708
620
709
621
710
622
711
623
712
624
713
625
714
626
715
627
716
628
717
629
718
719
631
660
720
632
661
721
633
662
722
634
663
723
635
664
724
636
665
725
637
666
726
638
667
727
639
668
728
640
669
729
641
670
730
642
671
731
643
672
732
644
673
733
645
674
734
646
675
735
647
676
736
648
677
737
649
678
738
650
679
739
651
680
740
652
681
741
653
682
742
654
683
743
655
684
744
656
685
745
657
686
746
658
687
747
659
688
748
689
749
661
690
750
662
691
751
663
692
752
664
693
753
665
694
754
666
695
755
667
696
756
668
697
757
669
698
758
670
699
759
671
700
760
672
701
761
673
702
762
674
703
763
675
704
764
676
705
765
677
706
766
678
707
767
679
708
768
680
709
769
681
710
770
682
711
771
683
712
772
684
713
773
685
714
774
686
715
775
687
716
776
688
717
777
689
718
778
719
779
691
780
692
781
693
782
694
783
695
784
696
785
697
786
698
787
699
788
700
789
701
790
702
791
703
792
704
793
705
794
706
795
707
796
708
797
709
798
710
799
711
800
712
801
713
802
714
803
715
804
716
805
717
806
718
807
719
808
809
721
750
810
722
751
811
723
752
812
724
753
813
725
754
814
726
755
815
727
756
816
728
757
817
729
758
818
730
759
819
731
760
820
732
761
821
733
762
822
734
763
823
735
764
824
736
765
825
737
766
826
738
767
827
739
768
828
740
769
829
741
770
830
742
771
831
743
772
832
744
773
833
745
774
834
746
775
835
747
776
836
748
777
837
749
778
838
779
839
751
780
840
752
781
841
753
782
842
754
783
843
755
784
844
756
785
845
757
786
846
758
787
847
759
788
848
760
789
849
761
790
850
762
791
851
763
792
852
764
793
853
765
794
854
766
795
855
767
796
856
768
797
857
769
798
858
770
799
859
771
800
860
772
801
861
773
802
862
774
803
863
775
804
864
776
805
865
777
806
866
778
807
867
779
808
868
809
869
781
870
782
871
783
872
784
873
785
874
786
875
787
876
788
877
789
878
790
879
791
880
792
881
793
882
794
883
795
884
796
885
797
886
798
887
799
888
800
889
801
890
802
891
803
892
804
893
805
894
806
895
807
896
808
897
809
898
899
811
840
812
841
813
842
814
843
815
844
816
845
817
846
818
847
819
848
820
849
821
850
822
851
823
852
824
853
825
854
826
855
827
856
828
857
829
858
830
859
831
860
832
861
833
862
834
863
835
864
836
865
837
866
838
867
839
868
869
841
870
842
871
843
872
844
873
845
874
846
875
847
876
848
877
849
878
850
879
851
880
852
881
853
882
854
883
855
884
856
885
857
886
858
887
859
888
860
889
861
890
862
891
863
892
864
893
865
894
866
895
867
896
868
897
869
898
899
871
872
873
874
875
876
877
878
879
880
881
882
883
884
885
886
887
888
889
890
891
892
893
894
895
896
897
898
899
)


// ************************************************************************* //
