/*--------------------------------*- C++ -*----------------------------------*\
  =========                 |
  \\      /  F ield         | OpenFOAM: The Open Source CFD Toolbox
   \\    /   O peration     | Website:  https://openfoam.org
    \\  /    A nd           | Version:  11
     \\/     M anipulation  |
\*---------------------------------------------------------------------------*/
FoamFile
{
    format      ascii;
    class       labelList;
    note        "nPoints:9280  nCells:4320  nFaces:17598  nInternalFaces:8322";
    location    "constant/silicaGel/polyMesh";
    object      neighbour;
}
// * * * * * * * * * * * * * * * * * * * * * * * * * * * * * * * * * * * * * //


8322
(
1
4
1476
5
20
1477
3
6
1478
7
160
1479
5
8
9
300
7
10
11
440
9
12
13
580
11
14
15
720
13
16
17
860
15
18
19
1000
17
1140
19
1280
21
300
4040
22
301
4041
23
302
4042
24
303
4043
25
304
4044
26
305
4045
27
306
4046
28
307
4047
29
308
4048
30
309
4049
31
310
4050
32
311
4051
33
312
4052
34
313
4053
35
314
4054
36
315
4055
37
316
4056
38
317
4057
39
318
4058
40
319
4059
41
320
4060
42
321
4061
43
322
4062
44
323
4063
45
324
4064
46
325
4065
47
326
4066
48
327
4067
49
328
4068
50
329
4069
51
330
4070
52
331
4071
53
332
4072
54
333
4073
55
334
4074
56
335
4075
57
336
4076
58
337
4077
59
338
4078
60
339
4079
61
340
4080
62
341
4081
63
342
4082
64
343
4083
65
344
4084
66
345
4085
67
346
4086
68
347
4087
69
348
4088
70
349
4089
71
350
4090
72
351
4091
73
352
4092
74
353
4093
75
354
4094
76
355
4095
77
356
4096
78
357
4097
79
358
4098
80
359
4099
81
360
4100
82
361
4101
83
362
4102
84
363
4103
85
364
4104
86
365
4105
87
366
4106
88
367
4107
89
368
4108
90
369
4109
91
370
4110
92
371
4111
93
372
4112
94
373
4113
95
374
4114
96
375
4115
97
376
4116
98
377
4117
99
378
4118
100
379
4119
101
380
4120
102
381
4121
103
382
4122
104
383
4123
105
384
4124
106
385
4125
107
386
4126
108
387
4127
109
388
4128
110
389
4129
111
390
4130
112
391
4131
113
392
4132
114
393
4133
115
394
4134
116
395
4135
117
396
4136
118
397
4137
119
398
4138
120
399
4139
121
400
4140
122
401
4141
123
402
4142
124
403
4143
125
404
4144
126
405
4145
127
406
4146
128
407
4147
129
408
4148
130
409
4149
131
410
4150
132
411
4151
133
412
4152
134
413
4153
135
414
4154
136
415
4155
137
416
4156
138
417
4157
139
418
4158
140
419
4159
141
420
4160
142
421
4161
143
422
4162
144
423
4163
145
424
4164
146
425
4165
147
426
4166
148
427
4167
149
428
4168
150
429
4169
151
430
4170
152
431
4171
153
432
4172
154
433
4173
155
434
4174
156
435
4175
157
436
4176
158
437
4177
159
438
4178
439
1420
4179
161
440
4180
162
441
4181
163
442
4182
164
443
4183
165
444
4184
166
445
4185
167
446
4186
168
447
4187
169
448
4188
170
449
4189
171
450
4190
172
451
4191
173
452
4192
174
453
4193
175
454
4194
176
455
4195
177
456
4196
178
457
4197
179
458
4198
180
459
4199
181
460
4200
182
461
4201
183
462
4202
184
463
4203
185
464
4204
186
465
4205
187
466
4206
188
467
4207
189
468
4208
190
469
4209
191
470
4210
192
471
4211
193
472
4212
194
473
4213
195
474
4214
196
475
4215
197
476
4216
198
477
4217
199
478
4218
200
479
4219
201
480
4220
202
481
4221
203
482
4222
204
483
4223
205
484
4224
206
485
4225
207
486
4226
208
487
4227
209
488
4228
210
489
4229
211
490
4230
212
491
4231
213
492
4232
214
493
4233
215
494
4234
216
495
4235
217
496
4236
218
497
4237
219
498
4238
220
499
4239
221
500
4240
222
501
4241
223
502
4242
224
503
4243
225
504
4244
226
505
4245
227
506
4246
228
507
4247
229
508
4248
230
509
4249
231
510
4250
232
511
4251
233
512
4252
234
513
4253
235
514
4254
236
515
4255
237
516
4256
238
517
4257
239
518
4258
240
519
4259
241
520
4260
242
521
4261
243
522
4262
244
523
4263
245
524
4264
246
525
4265
247
526
4266
248
527
4267
249
528
4268
250
529
4269
251
530
4270
252
531
4271
253
532
4272
254
533
4273
255
534
4274
256
535
4275
257
536
4276
258
537
4277
259
538
4278
260
539
4279
261
540
4280
262
541
4281
263
542
4282
264
543
4283
265
544
4284
266
545
4285
267
546
4286
268
547
4287
269
548
4288
270
549
4289
271
550
4290
272
551
4291
273
552
4292
274
553
4293
275
554
4294
276
555
4295
277
556
4296
278
557
4297
279
558
4298
280
559
4299
281
560
4300
282
561
4301
283
562
4302
284
563
4303
285
564
4304
286
565
4305
287
566
4306
288
567
4307
289
568
4308
290
569
4309
291
570
4310
292
571
4311
293
572
4312
294
573
4313
295
574
4314
296
575
4315
297
576
4316
298
577
4317
299
578
4318
579
1422
4319
301
580
302
581
303
582
304
583
305
584
306
585
307
586
308
587
309
588
310
589
311
590
312
591
313
592
314
593
315
594
316
595
317
596
318
597
319
598
320
599
321
600
322
601
323
602
324
603
325
604
326
605
327
606
328
607
329
608
330
609
331
610
332
611
333
612
334
613
335
614
336
615
337
616
338
617
339
618
340
619
341
620
342
621
343
622
344
623
345
624
346
625
347
626
348
627
349
628
350
629
351
630
352
631
353
632
354
633
355
634
356
635
357
636
358
637
359
638
360
639
361
640
362
641
363
642
364
643
365
644
366
645
367
646
368
647
369
648
370
649
371
650
372
651
373
652
374
653
375
654
376
655
377
656
378
657
379
658
380
659
381
660
382
661
383
662
384
663
385
664
386
665
387
666
388
667
389
668
390
669
391
670
392
671
393
672
394
673
395
674
396
675
397
676
398
677
399
678
400
679
401
680
402
681
403
682
404
683
405
684
406
685
407
686
408
687
409
688
410
689
411
690
412
691
413
692
414
693
415
694
416
695
417
696
418
697
419
698
420
699
421
700
422
701
423
702
424
703
425
704
426
705
427
706
428
707
429
708
430
709
431
710
432
711
433
712
434
713
435
714
436
715
437
716
438
717
439
718
719
1424
441
720
442
721
443
722
444
723
445
724
446
725
447
726
448
727
449
728
450
729
451
730
452
731
453
732
454
733
455
734
456
735
457
736
458
737
459
738
460
739
461
740
462
741
463
742
464
743
465
744
466
745
467
746
468
747
469
748
470
749
471
750
472
751
473
752
474
753
475
754
476
755
477
756
478
757
479
758
480
759
481
760
482
761
483
762
484
763
485
764
486
765
487
766
488
767
489
768
490
769
491
770
492
771
493
772
494
773
495
774
496
775
497
776
498
777
499
778
500
779
501
780
502
781
503
782
504
783
505
784
506
785
507
786
508
787
509
788
510
789
511
790
512
791
513
792
514
793
515
794
516
795
517
796
518
797
519
798
520
799
521
800
522
801
523
802
524
803
525
804
526
805
527
806
528
807
529
808
530
809
531
810
532
811
533
812
534
813
535
814
536
815
537
816
538
817
539
818
540
819
541
820
542
821
543
822
544
823
545
824
546
825
547
826
548
827
549
828
550
829
551
830
552
831
553
832
554
833
555
834
556
835
557
836
558
837
559
838
560
839
561
840
562
841
563
842
564
843
565
844
566
845
567
846
568
847
569
848
570
849
571
850
572
851
573
852
574
853
575
854
576
855
577
856
578
857
579
858
859
1426
581
860
582
861
583
862
584
863
585
864
586
865
587
866
588
867
589
868
590
869
591
870
592
871
593
872
594
873
595
874
596
875
597
876
598
877
599
878
600
879
601
880
602
881
603
882
604
883
605
884
606
885
607
886
608
887
609
888
610
889
611
890
612
891
613
892
614
893
615
894
616
895
617
896
618
897
619
898
620
899
621
900
622
901
623
902
624
903
625
904
626
905
627
906
628
907
629
908
630
909
631
910
632
911
633
912
634
913
635
914
636
915
637
916
638
917
639
918
640
919
641
920
642
921
643
922
644
923
645
924
646
925
647
926
648
927
649
928
650
929
651
930
652
931
653
932
654
933
655
934
656
935
657
936
658
937
659
938
660
939
661
940
662
941
663
942
664
943
665
944
666
945
667
946
668
947
669
948
670
949
671
950
672
951
673
952
674
953
675
954
676
955
677
956
678
957
679
958
680
959
681
960
682
961
683
962
684
963
685
964
686
965
687
966
688
967
689
968
690
969
691
970
692
971
693
972
694
973
695
974
696
975
697
976
698
977
699
978
700
979
701
980
702
981
703
982
704
983
705
984
706
985
707
986
708
987
709
988
710
989
711
990
712
991
713
992
714
993
715
994
716
995
717
996
718
997
719
998
999
1428
721
1000
722
1001
723
1002
724
1003
725
1004
726
1005
727
1006
728
1007
729
1008
730
1009
731
1010
732
1011
733
1012
734
1013
735
1014
736
1015
737
1016
738
1017
739
1018
740
1019
741
1020
742
1021
743
1022
744
1023
745
1024
746
1025
747
1026
748
1027
749
1028
750
1029
751
1030
752
1031
753
1032
754
1033
755
1034
756
1035
757
1036
758
1037
759
1038
760
1039
761
1040
762
1041
763
1042
764
1043
765
1044
766
1045
767
1046
768
1047
769
1048
770
1049
771
1050
772
1051
773
1052
774
1053
775
1054
776
1055
777
1056
778
1057
779
1058
780
1059
781
1060
782
1061
783
1062
784
1063
785
1064
786
1065
787
1066
788
1067
789
1068
790
1069
791
1070
792
1071
793
1072
794
1073
795
1074
796
1075
797
1076
798
1077
799
1078
800
1079
801
1080
802
1081
803
1082
804
1083
805
1084
806
1085
807
1086
808
1087
809
1088
810
1089
811
1090
812
1091
813
1092
814
1093
815
1094
816
1095
817
1096
818
1097
819
1098
820
1099
821
1100
822
1101
823
1102
824
1103
825
1104
826
1105
827
1106
828
1107
829
1108
830
1109
831
1110
832
1111
833
1112
834
1113
835
1114
836
1115
837
1116
838
1117
839
1118
840
1119
841
1120
842
1121
843
1122
844
1123
845
1124
846
1125
847
1126
848
1127
849
1128
850
1129
851
1130
852
1131
853
1132
854
1133
855
1134
856
1135
857
1136
858
1137
859
1138
1139
1430
861
1140
862
1141
863
1142
864
1143
865
1144
866
1145
867
1146
868
1147
869
1148
870
1149
871
1150
872
1151
873
1152
874
1153
875
1154
876
1155
877
1156
878
1157
879
1158
880
1159
881
1160
882
1161
883
1162
884
1163
885
1164
886
1165
887
1166
888
1167
889
1168
890
1169
891
1170
892
1171
893
1172
894
1173
895
1174
896
1175
897
1176
898
1177
899
1178
900
1179
901
1180
902
1181
903
1182
904
1183
905
1184
906
1185
907
1186
908
1187
909
1188
910
1189
911
1190
912
1191
913
1192
914
1193
915
1194
916
1195
917
1196
918
1197
919
1198
920
1199
921
1200
922
1201
923
1202
924
1203
925
1204
926
1205
927
1206
928
1207
929
1208
930
1209
931
1210
932
1211
933
1212
934
1213
935
1214
936
1215
937
1216
938
1217
939
1218
940
1219
941
1220
942
1221
943
1222
944
1223
945
1224
946
1225
947
1226
948
1227
949
1228
950
1229
951
1230
952
1231
953
1232
954
1233
955
1234
956
1235
957
1236
958
1237
959
1238
960
1239
961
1240
962
1241
963
1242
964
1243
965
1244
966
1245
967
1246
968
1247
969
1248
970
1249
971
1250
972
1251
973
1252
974
1253
975
1254
976
1255
977
1256
978
1257
979
1258
980
1259
981
1260
982
1261
983
1262
984
1263
985
1264
986
1265
987
1266
988
1267
989
1268
990
1269
991
1270
992
1271
993
1272
994
1273
995
1274
996
1275
997
1276
998
1277
999
1278
1279
1432
1001
1280
1002
1281
1003
1282
1004
1283
1005
1284
1006
1285
1007
1286
1008
1287
1009
1288
1010
1289
1011
1290
1012
1291
1013
1292
1014
1293
1015
1294
1016
1295
1017
1296
1018
1297
1019
1298
1020
1299
1021
1300
1022
1301
1023
1302
1024
1303
1025
1304
1026
1305
1027
1306
1028
1307
1029
1308
1030
1309
1031
1310
1032
1311
1033
1312
1034
1313
1035
1314
1036
1315
1037
1316
1038
1317
1039
1318
1040
1319
1041
1320
1042
1321
1043
1322
1044
1323
1045
1324
1046
1325
1047
1326
1048
1327
1049
1328
1050
1329
1051
1330
1052
1331
1053
1332
1054
1333
1055
1334
1056
1335
1057
1336
1058
1337
1059
1338
1060
1339
1061
1340
1062
1341
1063
1342
1064
1343
1065
1344
1066
1345
1067
1346
1068
1347
1069
1348
1070
1349
1071
1350
1072
1351
1073
1352
1074
1353
1075
1354
1076
1355
1077
1356
1078
1357
1079
1358
1080
1359
1081
1360
1082
1361
1083
1362
1084
1363
1085
1364
1086
1365
1087
1366
1088
1367
1089
1368
1090
1369
1091
1370
1092
1371
1093
1372
1094
1373
1095
1374
1096
1375
1097
1376
1098
1377
1099
1378
1100
1379
1101
1380
1102
1381
1103
1382
1104
1383
1105
1384
1106
1385
1107
1386
1108
1387
1109
1388
1110
1389
1111
1390
1112
1391
1113
1392
1114
1393
1115
1394
1116
1395
1117
1396
1118
1397
1119
1398
1120
1399
1121
1400
1122
1401
1123
1402
1124
1403
1125
1404
1126
1405
1127
1406
1128
1407
1129
1408
1130
1409
1131
1410
1132
1411
1133
1412
1134
1413
1135
1414
1136
1415
1137
1416
1138
1417
1139
1418
1419
1434
1141
1142
1143
1144
1145
1146
1147
1148
1149
1150
1151
1152
1153
1154
1155
1156
1157
1158
1159
1160
1161
1162
1163
1164
1165
1166
1167
1168
1169
1170
1171
1172
1173
1174
1175
1176
1177
1178
1179
1180
1181
1182
1183
1184
1185
1186
1187
1188
1189
1190
1191
1192
1193
1194
1195
1196
1197
1198
1199
1200
1201
1202
1203
1204
1205
1206
1207
1208
1209
1210
1211
1212
1213
1214
1215
1216
1217
1218
1219
1220
1221
1222
1223
1224
1225
1226
1227
1228
1229
1230
1231
1232
1233
1234
1235
1236
1237
1238
1239
1240
1241
1242
1243
1244
1245
1246
1247
1248
1249
1250
1251
1252
1253
1254
1255
1256
1257
1258
1259
1260
1261
1262
1263
1264
1265
1266
1267
1268
1269
1270
1271
1272
1273
1274
1275
1276
1277
1278
1279
1436
1281
1282
1283
1284
1285
1286
1287
1288
1289
1290
1291
1292
1293
1294
1295
1296
1297
1298
1299
1300
1301
1302
1303
1304
1305
1306
1307
1308
1309
1310
1311
1312
1313
1314
1315
1316
1317
1318
1319
1320
1321
1322
1323
1324
1325
1326
1327
1328
1329
1330
1331
1332
1333
1334
1335
1336
1337
1338
1339
1340
1341
1342
1343
1344
1345
1346
1347
1348
1349
1350
1351
1352
1353
1354
1355
1356
1357
1358
1359
1360
1361
1362
1363
1364
1365
1366
1367
1368
1369
1370
1371
1372
1373
1374
1375
1376
1377
1378
1379
1380
1381
1382
1383
1384
1385
1386
1387
1388
1389
1390
1391
1392
1393
1394
1395
1396
1397
1398
1399
1400
1401
1402
1403
1404
1405
1406
1407
1408
1409
1410
1411
1412
1413
1414
1415
1416
1417
1418
1419
1438
1421
1424
1516
1425
1517
1423
1426
1518
1427
1519
1425
1428
1429
1427
1430
1431
1429
1432
1433
1431
1434
1435
1433
1436
1437
1435
1438
1439
1437
1439
1441
1444
1445
1520
1443
1446
1447
1660
1445
1448
1449
1800
1447
1450
1451
1940
1449
1452
1453
2080
1451
1454
1455
2220
1453
1456
1457
2360
1455
1458
1459
2500
1457
1460
1461
2640
1459
1462
1463
2780
1461
1464
1465
2920
1463
1466
1467
3060
1465
1468
1469
3200
1467
1470
1471
3340
1469
1472
1473
3480
1471
1474
1475
3620
1473
1476
1477
3760
1475
1478
1479
3900
1477
4040
1479
4180
1481
1484
1659
1485
1483
1486
1799
1487
1485
1488
1939
1489
1487
1490
2079
1491
1489
1492
2219
1493
1491
1494
2359
1495
1493
1496
2499
1497
1495
1498
2639
1499
1497
1500
2779
1501
1499
1502
2919
1503
1501
1504
3059
1505
1503
1506
3199
1507
1505
1508
3339
1509
1507
1510
3479
1511
1509
1512
3619
1513
1511
1514
3759
1515
1513
1516
3899
1517
1515
1518
4039
1519
1517
4179
1519
4319
1521
1800
1522
1801
1523
1802
1524
1803
1525
1804
1526
1805
1527
1806
1528
1807
1529
1808
1530
1809
1531
1810
1532
1811
1533
1812
1534
1813
1535
1814
1536
1815
1537
1816
1538
1817
1539
1818
1540
1819
1541
1820
1542
1821
1543
1822
1544
1823
1545
1824
1546
1825
1547
1826
1548
1827
1549
1828
1550
1829
1551
1830
1552
1831
1553
1832
1554
1833
1555
1834
1556
1835
1557
1836
1558
1837
1559
1838
1560
1839
1561
1840
1562
1841
1563
1842
1564
1843
1565
1844
1566
1845
1567
1846
1568
1847
1569
1848
1570
1849
1571
1850
1572
1851
1573
1852
1574
1853
1575
1854
1576
1855
1577
1856
1578
1857
1579
1858
1580
1859
1581
1860
1582
1861
1583
1862
1584
1863
1585
1864
1586
1865
1587
1866
1588
1867
1589
1868
1590
1869
1591
1870
1592
1871
1593
1872
1594
1873
1595
1874
1596
1875
1597
1876
1598
1877
1599
1878
1600
1879
1601
1880
1602
1881
1603
1882
1604
1883
1605
1884
1606
1885
1607
1886
1608
1887
1609
1888
1610
1889
1611
1890
1612
1891
1613
1892
1614
1893
1615
1894
1616
1895
1617
1896
1618
1897
1619
1898
1620
1899
1621
1900
1622
1901
1623
1902
1624
1903
1625
1904
1626
1905
1627
1906
1628
1907
1629
1908
1630
1909
1631
1910
1632
1911
1633
1912
1634
1913
1635
1914
1636
1915
1637
1916
1638
1917
1639
1918
1640
1919
1641
1920
1642
1921
1643
1922
1644
1923
1645
1924
1646
1925
1647
1926
1648
1927
1649
1928
1650
1929
1651
1930
1652
1931
1653
1932
1654
1933
1655
1934
1656
1935
1657
1936
1658
1937
1659
1938
1939
1661
1940
1662
1941
1663
1942
1664
1943
1665
1944
1666
1945
1667
1946
1668
1947
1669
1948
1670
1949
1671
1950
1672
1951
1673
1952
1674
1953
1675
1954
1676
1955
1677
1956
1678
1957
1679
1958
1680
1959
1681
1960
1682
1961
1683
1962
1684
1963
1685
1964
1686
1965
1687
1966
1688
1967
1689
1968
1690
1969
1691
1970
1692
1971
1693
1972
1694
1973
1695
1974
1696
1975
1697
1976
1698
1977
1699
1978
1700
1979
1701
1980
1702
1981
1703
1982
1704
1983
1705
1984
1706
1985
1707
1986
1708
1987
1709
1988
1710
1989
1711
1990
1712
1991
1713
1992
1714
1993
1715
1994
1716
1995
1717
1996
1718
1997
1719
1998
1720
1999
1721
2000
1722
2001
1723
2002
1724
2003
1725
2004
1726
2005
1727
2006
1728
2007
1729
2008
1730
2009
1731
2010
1732
2011
1733
2012
1734
2013
1735
2014
1736
2015
1737
2016
1738
2017
1739
2018
1740
2019
1741
2020
1742
2021
1743
2022
1744
2023
1745
2024
1746
2025
1747
2026
1748
2027
1749
2028
1750
2029
1751
2030
1752
2031
1753
2032
1754
2033
1755
2034
1756
2035
1757
2036
1758
2037
1759
2038
1760
2039
1761
2040
1762
2041
1763
2042
1764
2043
1765
2044
1766
2045
1767
2046
1768
2047
1769
2048
1770
2049
1771
2050
1772
2051
1773
2052
1774
2053
1775
2054
1776
2055
1777
2056
1778
2057
1779
2058
1780
2059
1781
2060
1782
2061
1783
2062
1784
2063
1785
2064
1786
2065
1787
2066
1788
2067
1789
2068
1790
2069
1791
2070
1792
2071
1793
2072
1794
2073
1795
2074
1796
2075
1797
2076
1798
2077
1799
2078
2079
1801
2080
1802
2081
1803
2082
1804
2083
1805
2084
1806
2085
1807
2086
1808
2087
1809
2088
1810
2089
1811
2090
1812
2091
1813
2092
1814
2093
1815
2094
1816
2095
1817
2096
1818
2097
1819
2098
1820
2099
1821
2100
1822
2101
1823
2102
1824
2103
1825
2104
1826
2105
1827
2106
1828
2107
1829
2108
1830
2109
1831
2110
1832
2111
1833
2112
1834
2113
1835
2114
1836
2115
1837
2116
1838
2117
1839
2118
1840
2119
1841
2120
1842
2121
1843
2122
1844
2123
1845
2124
1846
2125
1847
2126
1848
2127
1849
2128
1850
2129
1851
2130
1852
2131
1853
2132
1854
2133
1855
2134
1856
2135
1857
2136
1858
2137
1859
2138
1860
2139
1861
2140
1862
2141
1863
2142
1864
2143
1865
2144
1866
2145
1867
2146
1868
2147
1869
2148
1870
2149
1871
2150
1872
2151
1873
2152
1874
2153
1875
2154
1876
2155
1877
2156
1878
2157
1879
2158
1880
2159
1881
2160
1882
2161
1883
2162
1884
2163
1885
2164
1886
2165
1887
2166
1888
2167
1889
2168
1890
2169
1891
2170
1892
2171
1893
2172
1894
2173
1895
2174
1896
2175
1897
2176
1898
2177
1899
2178
1900
2179
1901
2180
1902
2181
1903
2182
1904
2183
1905
2184
1906
2185
1907
2186
1908
2187
1909
2188
1910
2189
1911
2190
1912
2191
1913
2192
1914
2193
1915
2194
1916
2195
1917
2196
1918
2197
1919
2198
1920
2199
1921
2200
1922
2201
1923
2202
1924
2203
1925
2204
1926
2205
1927
2206
1928
2207
1929
2208
1930
2209
1931
2210
1932
2211
1933
2212
1934
2213
1935
2214
1936
2215
1937
2216
1938
2217
1939
2218
2219
1941
2220
1942
2221
1943
2222
1944
2223
1945
2224
1946
2225
1947
2226
1948
2227
1949
2228
1950
2229
1951
2230
1952
2231
1953
2232
1954
2233
1955
2234
1956
2235
1957
2236
1958
2237
1959
2238
1960
2239
1961
2240
1962
2241
1963
2242
1964
2243
1965
2244
1966
2245
1967
2246
1968
2247
1969
2248
1970
2249
1971
2250
1972
2251
1973
2252
1974
2253
1975
2254
1976
2255
1977
2256
1978
2257
1979
2258
1980
2259
1981
2260
1982
2261
1983
2262
1984
2263
1985
2264
1986
2265
1987
2266
1988
2267
1989
2268
1990
2269
1991
2270
1992
2271
1993
2272
1994
2273
1995
2274
1996
2275
1997
2276
1998
2277
1999
2278
2000
2279
2001
2280
2002
2281
2003
2282
2004
2283
2005
2284
2006
2285
2007
2286
2008
2287
2009
2288
2010
2289
2011
2290
2012
2291
2013
2292
2014
2293
2015
2294
2016
2295
2017
2296
2018
2297
2019
2298
2020
2299
2021
2300
2022
2301
2023
2302
2024
2303
2025
2304
2026
2305
2027
2306
2028
2307
2029
2308
2030
2309
2031
2310
2032
2311
2033
2312
2034
2313
2035
2314
2036
2315
2037
2316
2038
2317
2039
2318
2040
2319
2041
2320
2042
2321
2043
2322
2044
2323
2045
2324
2046
2325
2047
2326
2048
2327
2049
2328
2050
2329
2051
2330
2052
2331
2053
2332
2054
2333
2055
2334
2056
2335
2057
2336
2058
2337
2059
2338
2060
2339
2061
2340
2062
2341
2063
2342
2064
2343
2065
2344
2066
2345
2067
2346
2068
2347
2069
2348
2070
2349
2071
2350
2072
2351
2073
2352
2074
2353
2075
2354
2076
2355
2077
2356
2078
2357
2079
2358
2359
2081
2360
2082
2361
2083
2362
2084
2363
2085
2364
2086
2365
2087
2366
2088
2367
2089
2368
2090
2369
2091
2370
2092
2371
2093
2372
2094
2373
2095
2374
2096
2375
2097
2376
2098
2377
2099
2378
2100
2379
2101
2380
2102
2381
2103
2382
2104
2383
2105
2384
2106
2385
2107
2386
2108
2387
2109
2388
2110
2389
2111
2390
2112
2391
2113
2392
2114
2393
2115
2394
2116
2395
2117
2396
2118
2397
2119
2398
2120
2399
2121
2400
2122
2401
2123
2402
2124
2403
2125
2404
2126
2405
2127
2406
2128
2407
2129
2408
2130
2409
2131
2410
2132
2411
2133
2412
2134
2413
2135
2414
2136
2415
2137
2416
2138
2417
2139
2418
2140
2419
2141
2420
2142
2421
2143
2422
2144
2423
2145
2424
2146
2425
2147
2426
2148
2427
2149
2428
2150
2429
2151
2430
2152
2431
2153
2432
2154
2433
2155
2434
2156
2435
2157
2436
2158
2437
2159
2438
2160
2439
2161
2440
2162
2441
2163
2442
2164
2443
2165
2444
2166
2445
2167
2446
2168
2447
2169
2448
2170
2449
2171
2450
2172
2451
2173
2452
2174
2453
2175
2454
2176
2455
2177
2456
2178
2457
2179
2458
2180
2459
2181
2460
2182
2461
2183
2462
2184
2463
2185
2464
2186
2465
2187
2466
2188
2467
2189
2468
2190
2469
2191
2470
2192
2471
2193
2472
2194
2473
2195
2474
2196
2475
2197
2476
2198
2477
2199
2478
2200
2479
2201
2480
2202
2481
2203
2482
2204
2483
2205
2484
2206
2485
2207
2486
2208
2487
2209
2488
2210
2489
2211
2490
2212
2491
2213
2492
2214
2493
2215
2494
2216
2495
2217
2496
2218
2497
2219
2498
2499
2221
2500
2222
2501
2223
2502
2224
2503
2225
2504
2226
2505
2227
2506
2228
2507
2229
2508
2230
2509
2231
2510
2232
2511
2233
2512
2234
2513
2235
2514
2236
2515
2237
2516
2238
2517
2239
2518
2240
2519
2241
2520
2242
2521
2243
2522
2244
2523
2245
2524
2246
2525
2247
2526
2248
2527
2249
2528
2250
2529
2251
2530
2252
2531
2253
2532
2254
2533
2255
2534
2256
2535
2257
2536
2258
2537
2259
2538
2260
2539
2261
2540
2262
2541
2263
2542
2264
2543
2265
2544
2266
2545
2267
2546
2268
2547
2269
2548
2270
2549
2271
2550
2272
2551
2273
2552
2274
2553
2275
2554
2276
2555
2277
2556
2278
2557
2279
2558
2280
2559
2281
2560
2282
2561
2283
2562
2284
2563
2285
2564
2286
2565
2287
2566
2288
2567
2289
2568
2290
2569
2291
2570
2292
2571
2293
2572
2294
2573
2295
2574
2296
2575
2297
2576
2298
2577
2299
2578
2300
2579
2301
2580
2302
2581
2303
2582
2304
2583
2305
2584
2306
2585
2307
2586
2308
2587
2309
2588
2310
2589
2311
2590
2312
2591
2313
2592
2314
2593
2315
2594
2316
2595
2317
2596
2318
2597
2319
2598
2320
2599
2321
2600
2322
2601
2323
2602
2324
2603
2325
2604
2326
2605
2327
2606
2328
2607
2329
2608
2330
2609
2331
2610
2332
2611
2333
2612
2334
2613
2335
2614
2336
2615
2337
2616
2338
2617
2339
2618
2340
2619
2341
2620
2342
2621
2343
2622
2344
2623
2345
2624
2346
2625
2347
2626
2348
2627
2349
2628
2350
2629
2351
2630
2352
2631
2353
2632
2354
2633
2355
2634
2356
2635
2357
2636
2358
2637
2359
2638
2639
2361
2640
2362
2641
2363
2642
2364
2643
2365
2644
2366
2645
2367
2646
2368
2647
2369
2648
2370
2649
2371
2650
2372
2651
2373
2652
2374
2653
2375
2654
2376
2655
2377
2656
2378
2657
2379
2658
2380
2659
2381
2660
2382
2661
2383
2662
2384
2663
2385
2664
2386
2665
2387
2666
2388
2667
2389
2668
2390
2669
2391
2670
2392
2671
2393
2672
2394
2673
2395
2674
2396
2675
2397
2676
2398
2677
2399
2678
2400
2679
2401
2680
2402
2681
2403
2682
2404
2683
2405
2684
2406
2685
2407
2686
2408
2687
2409
2688
2410
2689
2411
2690
2412
2691
2413
2692
2414
2693
2415
2694
2416
2695
2417
2696
2418
2697
2419
2698
2420
2699
2421
2700
2422
2701
2423
2702
2424
2703
2425
2704
2426
2705
2427
2706
2428
2707
2429
2708
2430
2709
2431
2710
2432
2711
2433
2712
2434
2713
2435
2714
2436
2715
2437
2716
2438
2717
2439
2718
2440
2719
2441
2720
2442
2721
2443
2722
2444
2723
2445
2724
2446
2725
2447
2726
2448
2727
2449
2728
2450
2729
2451
2730
2452
2731
2453
2732
2454
2733
2455
2734
2456
2735
2457
2736
2458
2737
2459
2738
2460
2739
2461
2740
2462
2741
2463
2742
2464
2743
2465
2744
2466
2745
2467
2746
2468
2747
2469
2748
2470
2749
2471
2750
2472
2751
2473
2752
2474
2753
2475
2754
2476
2755
2477
2756
2478
2757
2479
2758
2480
2759
2481
2760
2482
2761
2483
2762
2484
2763
2485
2764
2486
2765
2487
2766
2488
2767
2489
2768
2490
2769
2491
2770
2492
2771
2493
2772
2494
2773
2495
2774
2496
2775
2497
2776
2498
2777
2499
2778
2779
2501
2780
2502
2781
2503
2782
2504
2783
2505
2784
2506
2785
2507
2786
2508
2787
2509
2788
2510
2789
2511
2790
2512
2791
2513
2792
2514
2793
2515
2794
2516
2795
2517
2796
2518
2797
2519
2798
2520
2799
2521
2800
2522
2801
2523
2802
2524
2803
2525
2804
2526
2805
2527
2806
2528
2807
2529
2808
2530
2809
2531
2810
2532
2811
2533
2812
2534
2813
2535
2814
2536
2815
2537
2816
2538
2817
2539
2818
2540
2819
2541
2820
2542
2821
2543
2822
2544
2823
2545
2824
2546
2825
2547
2826
2548
2827
2549
2828
2550
2829
2551
2830
2552
2831
2553
2832
2554
2833
2555
2834
2556
2835
2557
2836
2558
2837
2559
2838
2560
2839
2561
2840
2562
2841
2563
2842
2564
2843
2565
2844
2566
2845
2567
2846
2568
2847
2569
2848
2570
2849
2571
2850
2572
2851
2573
2852
2574
2853
2575
2854
2576
2855
2577
2856
2578
2857
2579
2858
2580
2859
2581
2860
2582
2861
2583
2862
2584
2863
2585
2864
2586
2865
2587
2866
2588
2867
2589
2868
2590
2869
2591
2870
2592
2871
2593
2872
2594
2873
2595
2874
2596
2875
2597
2876
2598
2877
2599
2878
2600
2879
2601
2880
2602
2881
2603
2882
2604
2883
2605
2884
2606
2885
2607
2886
2608
2887
2609
2888
2610
2889
2611
2890
2612
2891
2613
2892
2614
2893
2615
2894
2616
2895
2617
2896
2618
2897
2619
2898
2620
2899
2621
2900
2622
2901
2623
2902
2624
2903
2625
2904
2626
2905
2627
2906
2628
2907
2629
2908
2630
2909
2631
2910
2632
2911
2633
2912
2634
2913
2635
2914
2636
2915
2637
2916
2638
2917
2639
2918
2919
2641
2920
2642
2921
2643
2922
2644
2923
2645
2924
2646
2925
2647
2926
2648
2927
2649
2928
2650
2929
2651
2930
2652
2931
2653
2932
2654
2933
2655
2934
2656
2935
2657
2936
2658
2937
2659
2938
2660
2939
2661
2940
2662
2941
2663
2942
2664
2943
2665
2944
2666
2945
2667
2946
2668
2947
2669
2948
2670
2949
2671
2950
2672
2951
2673
2952
2674
2953
2675
2954
2676
2955
2677
2956
2678
2957
2679
2958
2680
2959
2681
2960
2682
2961
2683
2962
2684
2963
2685
2964
2686
2965
2687
2966
2688
2967
2689
2968
2690
2969
2691
2970
2692
2971
2693
2972
2694
2973
2695
2974
2696
2975
2697
2976
2698
2977
2699
2978
2700
2979
2701
2980
2702
2981
2703
2982
2704
2983
2705
2984
2706
2985
2707
2986
2708
2987
2709
2988
2710
2989
2711
2990
2712
2991
2713
2992
2714
2993
2715
2994
2716
2995
2717
2996
2718
2997
2719
2998
2720
2999
2721
3000
2722
3001
2723
3002
2724
3003
2725
3004
2726
3005
2727
3006
2728
3007
2729
3008
2730
3009
2731
3010
2732
3011
2733
3012
2734
3013
2735
3014
2736
3015
2737
3016
2738
3017
2739
3018
2740
3019
2741
3020
2742
3021
2743
3022
2744
3023
2745
3024
2746
3025
2747
3026
2748
3027
2749
3028
2750
3029
2751
3030
2752
3031
2753
3032
2754
3033
2755
3034
2756
3035
2757
3036
2758
3037
2759
3038
2760
3039
2761
3040
2762
3041
2763
3042
2764
3043
2765
3044
2766
3045
2767
3046
2768
3047
2769
3048
2770
3049
2771
3050
2772
3051
2773
3052
2774
3053
2775
3054
2776
3055
2777
3056
2778
3057
2779
3058
3059
2781
3060
2782
3061
2783
3062
2784
3063
2785
3064
2786
3065
2787
3066
2788
3067
2789
3068
2790
3069
2791
3070
2792
3071
2793
3072
2794
3073
2795
3074
2796
3075
2797
3076
2798
3077
2799
3078
2800
3079
2801
3080
2802
3081
2803
3082
2804
3083
2805
3084
2806
3085
2807
3086
2808
3087
2809
3088
2810
3089
2811
3090
2812
3091
2813
3092
2814
3093
2815
3094
2816
3095
2817
3096
2818
3097
2819
3098
2820
3099
2821
3100
2822
3101
2823
3102
2824
3103
2825
3104
2826
3105
2827
3106
2828
3107
2829
3108
2830
3109
2831
3110
2832
3111
2833
3112
2834
3113
2835
3114
2836
3115
2837
3116
2838
3117
2839
3118
2840
3119
2841
3120
2842
3121
2843
3122
2844
3123
2845
3124
2846
3125
2847
3126
2848
3127
2849
3128
2850
3129
2851
3130
2852
3131
2853
3132
2854
3133
2855
3134
2856
3135
2857
3136
2858
3137
2859
3138
2860
3139
2861
3140
2862
3141
2863
3142
2864
3143
2865
3144
2866
3145
2867
3146
2868
3147
2869
3148
2870
3149
2871
3150
2872
3151
2873
3152
2874
3153
2875
3154
2876
3155
2877
3156
2878
3157
2879
3158
2880
3159
2881
3160
2882
3161
2883
3162
2884
3163
2885
3164
2886
3165
2887
3166
2888
3167
2889
3168
2890
3169
2891
3170
2892
3171
2893
3172
2894
3173
2895
3174
2896
3175
2897
3176
2898
3177
2899
3178
2900
3179
2901
3180
2902
3181
2903
3182
2904
3183
2905
3184
2906
3185
2907
3186
2908
3187
2909
3188
2910
3189
2911
3190
2912
3191
2913
3192
2914
3193
2915
3194
2916
3195
2917
3196
2918
3197
2919
3198
3199
2921
3200
2922
3201
2923
3202
2924
3203
2925
3204
2926
3205
2927
3206
2928
3207
2929
3208
2930
3209
2931
3210
2932
3211
2933
3212
2934
3213
2935
3214
2936
3215
2937
3216
2938
3217
2939
3218
2940
3219
2941
3220
2942
3221
2943
3222
2944
3223
2945
3224
2946
3225
2947
3226
2948
3227
2949
3228
2950
3229
2951
3230
2952
3231
2953
3232
2954
3233
2955
3234
2956
3235
2957
3236
2958
3237
2959
3238
2960
3239
2961
3240
2962
3241
2963
3242
2964
3243
2965
3244
2966
3245
2967
3246
2968
3247
2969
3248
2970
3249
2971
3250
2972
3251
2973
3252
2974
3253
2975
3254
2976
3255
2977
3256
2978
3257
2979
3258
2980
3259
2981
3260
2982
3261
2983
3262
2984
3263
2985
3264
2986
3265
2987
3266
2988
3267
2989
3268
2990
3269
2991
3270
2992
3271
2993
3272
2994
3273
2995
3274
2996
3275
2997
3276
2998
3277
2999
3278
3000
3279
3001
3280
3002
3281
3003
3282
3004
3283
3005
3284
3006
3285
3007
3286
3008
3287
3009
3288
3010
3289
3011
3290
3012
3291
3013
3292
3014
3293
3015
3294
3016
3295
3017
3296
3018
3297
3019
3298
3020
3299
3021
3300
3022
3301
3023
3302
3024
3303
3025
3304
3026
3305
3027
3306
3028
3307
3029
3308
3030
3309
3031
3310
3032
3311
3033
3312
3034
3313
3035
3314
3036
3315
3037
3316
3038
3317
3039
3318
3040
3319
3041
3320
3042
3321
3043
3322
3044
3323
3045
3324
3046
3325
3047
3326
3048
3327
3049
3328
3050
3329
3051
3330
3052
3331
3053
3332
3054
3333
3055
3334
3056
3335
3057
3336
3058
3337
3059
3338
3339
3061
3340
3062
3341
3063
3342
3064
3343
3065
3344
3066
3345
3067
3346
3068
3347
3069
3348
3070
3349
3071
3350
3072
3351
3073
3352
3074
3353
3075
3354
3076
3355
3077
3356
3078
3357
3079
3358
3080
3359
3081
3360
3082
3361
3083
3362
3084
3363
3085
3364
3086
3365
3087
3366
3088
3367
3089
3368
3090
3369
3091
3370
3092
3371
3093
3372
3094
3373
3095
3374
3096
3375
3097
3376
3098
3377
3099
3378
3100
3379
3101
3380
3102
3381
3103
3382
3104
3383
3105
3384
3106
3385
3107
3386
3108
3387
3109
3388
3110
3389
3111
3390
3112
3391
3113
3392
3114
3393
3115
3394
3116
3395
3117
3396
3118
3397
3119
3398
3120
3399
3121
3400
3122
3401
3123
3402
3124
3403
3125
3404
3126
3405
3127
3406
3128
3407
3129
3408
3130
3409
3131
3410
3132
3411
3133
3412
3134
3413
3135
3414
3136
3415
3137
3416
3138
3417
3139
3418
3140
3419
3141
3420
3142
3421
3143
3422
3144
3423
3145
3424
3146
3425
3147
3426
3148
3427
3149
3428
3150
3429
3151
3430
3152
3431
3153
3432
3154
3433
3155
3434
3156
3435
3157
3436
3158
3437
3159
3438
3160
3439
3161
3440
3162
3441
3163
3442
3164
3443
3165
3444
3166
3445
3167
3446
3168
3447
3169
3448
3170
3449
3171
3450
3172
3451
3173
3452
3174
3453
3175
3454
3176
3455
3177
3456
3178
3457
3179
3458
3180
3459
3181
3460
3182
3461
3183
3462
3184
3463
3185
3464
3186
3465
3187
3466
3188
3467
3189
3468
3190
3469
3191
3470
3192
3471
3193
3472
3194
3473
3195
3474
3196
3475
3197
3476
3198
3477
3199
3478
3479
3201
3480
3202
3481
3203
3482
3204
3483
3205
3484
3206
3485
3207
3486
3208
3487
3209
3488
3210
3489
3211
3490
3212
3491
3213
3492
3214
3493
3215
3494
3216
3495
3217
3496
3218
3497
3219
3498
3220
3499
3221
3500
3222
3501
3223
3502
3224
3503
3225
3504
3226
3505
3227
3506
3228
3507
3229
3508
3230
3509
3231
3510
3232
3511
3233
3512
3234
3513
3235
3514
3236
3515
3237
3516
3238
3517
3239
3518
3240
3519
3241
3520
3242
3521
3243
3522
3244
3523
3245
3524
3246
3525
3247
3526
3248
3527
3249
3528
3250
3529
3251
3530
3252
3531
3253
3532
3254
3533
3255
3534
3256
3535
3257
3536
3258
3537
3259
3538
3260
3539
3261
3540
3262
3541
3263
3542
3264
3543
3265
3544
3266
3545
3267
3546
3268
3547
3269
3548
3270
3549
3271
3550
3272
3551
3273
3552
3274
3553
3275
3554
3276
3555
3277
3556
3278
3557
3279
3558
3280
3559
3281
3560
3282
3561
3283
3562
3284
3563
3285
3564
3286
3565
3287
3566
3288
3567
3289
3568
3290
3569
3291
3570
3292
3571
3293
3572
3294
3573
3295
3574
3296
3575
3297
3576
3298
3577
3299
3578
3300
3579
3301
3580
3302
3581
3303
3582
3304
3583
3305
3584
3306
3585
3307
3586
3308
3587
3309
3588
3310
3589
3311
3590
3312
3591
3313
3592
3314
3593
3315
3594
3316
3595
3317
3596
3318
3597
3319
3598
3320
3599
3321
3600
3322
3601
3323
3602
3324
3603
3325
3604
3326
3605
3327
3606
3328
3607
3329
3608
3330
3609
3331
3610
3332
3611
3333
3612
3334
3613
3335
3614
3336
3615
3337
3616
3338
3617
3339
3618
3619
3341
3620
3342
3621
3343
3622
3344
3623
3345
3624
3346
3625
3347
3626
3348
3627
3349
3628
3350
3629
3351
3630
3352
3631
3353
3632
3354
3633
3355
3634
3356
3635
3357
3636
3358
3637
3359
3638
3360
3639
3361
3640
3362
3641
3363
3642
3364
3643
3365
3644
3366
3645
3367
3646
3368
3647
3369
3648
3370
3649
3371
3650
3372
3651
3373
3652
3374
3653
3375
3654
3376
3655
3377
3656
3378
3657
3379
3658
3380
3659
3381
3660
3382
3661
3383
3662
3384
3663
3385
3664
3386
3665
3387
3666
3388
3667
3389
3668
3390
3669
3391
3670
3392
3671
3393
3672
3394
3673
3395
3674
3396
3675
3397
3676
3398
3677
3399
3678
3400
3679
3401
3680
3402
3681
3403
3682
3404
3683
3405
3684
3406
3685
3407
3686
3408
3687
3409
3688
3410
3689
3411
3690
3412
3691
3413
3692
3414
3693
3415
3694
3416
3695
3417
3696
3418
3697
3419
3698
3420
3699
3421
3700
3422
3701
3423
3702
3424
3703
3425
3704
3426
3705
3427
3706
3428
3707
3429
3708
3430
3709
3431
3710
3432
3711
3433
3712
3434
3713
3435
3714
3436
3715
3437
3716
3438
3717
3439
3718
3440
3719
3441
3720
3442
3721
3443
3722
3444
3723
3445
3724
3446
3725
3447
3726
3448
3727
3449
3728
3450
3729
3451
3730
3452
3731
3453
3732
3454
3733
3455
3734
3456
3735
3457
3736
3458
3737
3459
3738
3460
3739
3461
3740
3462
3741
3463
3742
3464
3743
3465
3744
3466
3745
3467
3746
3468
3747
3469
3748
3470
3749
3471
3750
3472
3751
3473
3752
3474
3753
3475
3754
3476
3755
3477
3756
3478
3757
3479
3758
3759
3481
3760
3482
3761
3483
3762
3484
3763
3485
3764
3486
3765
3487
3766
3488
3767
3489
3768
3490
3769
3491
3770
3492
3771
3493
3772
3494
3773
3495
3774
3496
3775
3497
3776
3498
3777
3499
3778
3500
3779
3501
3780
3502
3781
3503
3782
3504
3783
3505
3784
3506
3785
3507
3786
3508
3787
3509
3788
3510
3789
3511
3790
3512
3791
3513
3792
3514
3793
3515
3794
3516
3795
3517
3796
3518
3797
3519
3798
3520
3799
3521
3800
3522
3801
3523
3802
3524
3803
3525
3804
3526
3805
3527
3806
3528
3807
3529
3808
3530
3809
3531
3810
3532
3811
3533
3812
3534
3813
3535
3814
3536
3815
3537
3816
3538
3817
3539
3818
3540
3819
3541
3820
3542
3821
3543
3822
3544
3823
3545
3824
3546
3825
3547
3826
3548
3827
3549
3828
3550
3829
3551
3830
3552
3831
3553
3832
3554
3833
3555
3834
3556
3835
3557
3836
3558
3837
3559
3838
3560
3839
3561
3840
3562
3841
3563
3842
3564
3843
3565
3844
3566
3845
3567
3846
3568
3847
3569
3848
3570
3849
3571
3850
3572
3851
3573
3852
3574
3853
3575
3854
3576
3855
3577
3856
3578
3857
3579
3858
3580
3859
3581
3860
3582
3861
3583
3862
3584
3863
3585
3864
3586
3865
3587
3866
3588
3867
3589
3868
3590
3869
3591
3870
3592
3871
3593
3872
3594
3873
3595
3874
3596
3875
3597
3876
3598
3877
3599
3878
3600
3879
3601
3880
3602
3881
3603
3882
3604
3883
3605
3884
3606
3885
3607
3886
3608
3887
3609
3888
3610
3889
3611
3890
3612
3891
3613
3892
3614
3893
3615
3894
3616
3895
3617
3896
3618
3897
3619
3898
3899
3621
3900
3622
3901
3623
3902
3624
3903
3625
3904
3626
3905
3627
3906
3628
3907
3629
3908
3630
3909
3631
3910
3632
3911
3633
3912
3634
3913
3635
3914
3636
3915
3637
3916
3638
3917
3639
3918
3640
3919
3641
3920
3642
3921
3643
3922
3644
3923
3645
3924
3646
3925
3647
3926
3648
3927
3649
3928
3650
3929
3651
3930
3652
3931
3653
3932
3654
3933
3655
3934
3656
3935
3657
3936
3658
3937
3659
3938
3660
3939
3661
3940
3662
3941
3663
3942
3664
3943
3665
3944
3666
3945
3667
3946
3668
3947
3669
3948
3670
3949
3671
3950
3672
3951
3673
3952
3674
3953
3675
3954
3676
3955
3677
3956
3678
3957
3679
3958
3680
3959
3681
3960
3682
3961
3683
3962
3684
3963
3685
3964
3686
3965
3687
3966
3688
3967
3689
3968
3690
3969
3691
3970
3692
3971
3693
3972
3694
3973
3695
3974
3696
3975
3697
3976
3698
3977
3699
3978
3700
3979
3701
3980
3702
3981
3703
3982
3704
3983
3705
3984
3706
3985
3707
3986
3708
3987
3709
3988
3710
3989
3711
3990
3712
3991
3713
3992
3714
3993
3715
3994
3716
3995
3717
3996
3718
3997
3719
3998
3720
3999
3721
4000
3722
4001
3723
4002
3724
4003
3725
4004
3726
4005
3727
4006
3728
4007
3729
4008
3730
4009
3731
4010
3732
4011
3733
4012
3734
4013
3735
4014
3736
4015
3737
4016
3738
4017
3739
4018
3740
4019
3741
4020
3742
4021
3743
4022
3744
4023
3745
4024
3746
4025
3747
4026
3748
4027
3749
4028
3750
4029
3751
4030
3752
4031
3753
4032
3754
4033
3755
4034
3756
4035
3757
4036
3758
4037
3759
4038
4039
3761
4040
3762
4041
3763
4042
3764
4043
3765
4044
3766
4045
3767
4046
3768
4047
3769
4048
3770
4049
3771
4050
3772
4051
3773
4052
3774
4053
3775
4054
3776
4055
3777
4056
3778
4057
3779
4058
3780
4059
3781
4060
3782
4061
3783
4062
3784
4063
3785
4064
3786
4065
3787
4066
3788
4067
3789
4068
3790
4069
3791
4070
3792
4071
3793
4072
3794
4073
3795
4074
3796
4075
3797
4076
3798
4077
3799
4078
3800
4079
3801
4080
3802
4081
3803
4082
3804
4083
3805
4084
3806
4085
3807
4086
3808
4087
3809
4088
3810
4089
3811
4090
3812
4091
3813
4092
3814
4093
3815
4094
3816
4095
3817
4096
3818
4097
3819
4098
3820
4099
3821
4100
3822
4101
3823
4102
3824
4103
3825
4104
3826
4105
3827
4106
3828
4107
3829
4108
3830
4109
3831
4110
3832
4111
3833
4112
3834
4113
3835
4114
3836
4115
3837
4116
3838
4117
3839
4118
3840
4119
3841
4120
3842
4121
3843
4122
3844
4123
3845
4124
3846
4125
3847
4126
3848
4127
3849
4128
3850
4129
3851
4130
3852
4131
3853
4132
3854
4133
3855
4134
3856
4135
3857
4136
3858
4137
3859
4138
3860
4139
3861
4140
3862
4141
3863
4142
3864
4143
3865
4144
3866
4145
3867
4146
3868
4147
3869
4148
3870
4149
3871
4150
3872
4151
3873
4152
3874
4153
3875
4154
3876
4155
3877
4156
3878
4157
3879
4158
3880
4159
3881
4160
3882
4161
3883
4162
3884
4163
3885
4164
3886
4165
3887
4166
3888
4167
3889
4168
3890
4169
3891
4170
3892
4171
3893
4172
3894
4173
3895
4174
3896
4175
3897
4176
3898
4177
3899
4178
4179
3901
4180
3902
4181
3903
4182
3904
4183
3905
4184
3906
4185
3907
4186
3908
4187
3909
4188
3910
4189
3911
4190
3912
4191
3913
4192
3914
4193
3915
4194
3916
4195
3917
4196
3918
4197
3919
4198
3920
4199
3921
4200
3922
4201
3923
4202
3924
4203
3925
4204
3926
4205
3927
4206
3928
4207
3929
4208
3930
4209
3931
4210
3932
4211
3933
4212
3934
4213
3935
4214
3936
4215
3937
4216
3938
4217
3939
4218
3940
4219
3941
4220
3942
4221
3943
4222
3944
4223
3945
4224
3946
4225
3947
4226
3948
4227
3949
4228
3950
4229
3951
4230
3952
4231
3953
4232
3954
4233
3955
4234
3956
4235
3957
4236
3958
4237
3959
4238
3960
4239
3961
4240
3962
4241
3963
4242
3964
4243
3965
4244
3966
4245
3967
4246
3968
4247
3969
4248
3970
4249
3971
4250
3972
4251
3973
4252
3974
4253
3975
4254
3976
4255
3977
4256
3978
4257
3979
4258
3980
4259
3981
4260
3982
4261
3983
4262
3984
4263
3985
4264
3986
4265
3987
4266
3988
4267
3989
4268
3990
4269
3991
4270
3992
4271
3993
4272
3994
4273
3995
4274
3996
4275
3997
4276
3998
4277
3999
4278
4000
4279
4001
4280
4002
4281
4003
4282
4004
4283
4005
4284
4006
4285
4007
4286
4008
4287
4009
4288
4010
4289
4011
4290
4012
4291
4013
4292
4014
4293
4015
4294
4016
4295
4017
4296
4018
4297
4019
4298
4020
4299
4021
4300
4022
4301
4023
4302
4024
4303
4025
4304
4026
4305
4027
4306
4028
4307
4029
4308
4030
4309
4031
4310
4032
4311
4033
4312
4034
4313
4035
4314
4036
4315
4037
4316
4038
4317
4039
4318
4319
4041
4042
4043
4044
4045
4046
4047
4048
4049
4050
4051
4052
4053
4054
4055
4056
4057
4058
4059
4060
4061
4062
4063
4064
4065
4066
4067
4068
4069
4070
4071
4072
4073
4074
4075
4076
4077
4078
4079
4080
4081
4082
4083
4084
4085
4086
4087
4088
4089
4090
4091
4092
4093
4094
4095
4096
4097
4098
4099
4100
4101
4102
4103
4104
4105
4106
4107
4108
4109
4110
4111
4112
4113
4114
4115
4116
4117
4118
4119
4120
4121
4122
4123
4124
4125
4126
4127
4128
4129
4130
4131
4132
4133
4134
4135
4136
4137
4138
4139
4140
4141
4142
4143
4144
4145
4146
4147
4148
4149
4150
4151
4152
4153
4154
4155
4156
4157
4158
4159
4160
4161
4162
4163
4164
4165
4166
4167
4168
4169
4170
4171
4172
4173
4174
4175
4176
4177
4178
4179
4181
4182
4183
4184
4185
4186
4187
4188
4189
4190
4191
4192
4193
4194
4195
4196
4197
4198
4199
4200
4201
4202
4203
4204
4205
4206
4207
4208
4209
4210
4211
4212
4213
4214
4215
4216
4217
4218
4219
4220
4221
4222
4223
4224
4225
4226
4227
4228
4229
4230
4231
4232
4233
4234
4235
4236
4237
4238
4239
4240
4241
4242
4243
4244
4245
4246
4247
4248
4249
4250
4251
4252
4253
4254
4255
4256
4257
4258
4259
4260
4261
4262
4263
4264
4265
4266
4267
4268
4269
4270
4271
4272
4273
4274
4275
4276
4277
4278
4279
4280
4281
4282
4283
4284
4285
4286
4287
4288
4289
4290
4291
4292
4293
4294
4295
4296
4297
4298
4299
4300
4301
4302
4303
4304
4305
4306
4307
4308
4309
4310
4311
4312
4313
4314
4315
4316
4317
4318
4319
)


// ************************************************************************* //
