/*--------------------------------*- C++ -*----------------------------------*\
  =========                 |
  \\      /  F ield         | OpenFOAM: The Open Source CFD Toolbox
   \\    /   O peration     | Website:  https://openfoam.org
    \\  /    A nd           | Version:  11
     \\/     M anipulation  |
\*---------------------------------------------------------------------------*/
FoamFile
{
    format      ascii;
    class       labelList;
    location    "constant/region1/polyMesh";
    object      faceRegionAddressing;
}
// * * * * * * * * * * * * * * * * * * * * * * * * * * * * * * * * * * * * * //


2180
(
1
2
3
4
5
6
7
8
9
10
11
12
13
14
15
16
17
18
19
20
21
22
23
24
25
26
27
28
29
30
31
32
33
34
35
36
37
38
39
40
41
42
43
44
45
46
47
48
49
50
51
52
53
54
55
56
57
58
59
60
61
62
63
64
65
66
67
68
69
70
71
72
73
74
75
76
77
78
79
80
81
82
83
84
85
86
87
88
89
90
92
93
95
96
98
99
101
102
104
105
107
108
110
111
113
114
116
117
119
120
122
123
125
126
128
129
131
132
134
135
137
138
140
141
143
144
146
147
149
150
152
153
155
156
158
159
161
162
164
165
167
168
170
171
173
174
176
178
861
862
863
864
865
866
867
868
869
870
871
872
873
874
875
876
877
878
879
880
881
882
883
884
885
886
887
888
889
890
891
892
893
894
895
896
897
898
899
900
901
902
903
904
905
906
907
908
909
910
911
912
913
914
915
916
917
918
919
920
921
922
923
924
925
926
927
928
929
930
931
932
933
934
935
936
937
938
939
940
941
942
943
944
945
946
947
948
949
950
952
953
955
956
958
959
961
962
964
965
967
968
970
971
973
974
976
977
979
980
982
983
985
986
988
989
991
992
994
995
997
998
1000
1001
1003
1004
1006
1007
1009
1010
1012
1013
1015
1016
1018
1019
1021
1022
1024
1025
1027
1028
1030
1031
1033
1034
1036
1038
1721
1722
1723
1724
1725
1726
1727
1728
1729
1730
1731
1732
1733
1734
1735
1736
1737
1738
1739
1740
1741
1742
1743
1744
1745
1746
1747
1748
1749
1750
1751
1752
1753
1754
1755
1756
1757
1758
1759
1760
1761
1762
1763
1764
1765
1766
1767
1768
1769
1770
1771
1772
1773
1774
1775
1776
1777
1778
1779
1780
1781
1782
1783
1784
1785
1786
1787
1788
1789
1790
1791
1792
1793
1794
1795
1796
1797
1798
1799
1800
1801
1802
1803
1804
1805
1806
1807
1808
1809
1810
1812
1813
1815
1816
1818
1819
1821
1822
1824
1825
1827
1828
1830
1831
1833
1834
1836
1837
1839
1840
1842
1843
1845
1846
1848
1849
1851
1852
1854
1855
1857
1858
1860
1861
1863
1864
1866
1867
1869
1870
1872
1873
1875
1876
1878
1879
1881
1882
1884
1885
1887
1888
1890
1891
1893
1894
1896
1898
2581
2582
2583
2584
2585
2586
2587
2588
2589
2590
2591
2592
2593
2594
2595
2596
2597
2598
2599
2600
2601
2602
2603
2604
2605
2606
2607
2608
2609
2610
2611
2612
2613
2614
2615
2616
2617
2618
2619
2620
2621
2622
2623
2624
2625
2626
2627
2628
2629
2630
2631
2632
2633
2634
2635
2636
2637
2638
2639
2640
2641
2642
2643
2644
2645
2646
2647
2648
2649
2650
2651
2652
2653
2654
2655
2656
2657
2658
2659
2660
2661
2662
2663
2664
2665
2666
2667
2668
2669
2670
2672
2673
2675
2676
2678
2679
2681
2682
2684
2685
2687
2688
2690
2691
2693
2694
2696
2697
2699
2700
2702
2703
2705
2706
2708
2709
2711
2712
2714
2715
2717
2718
2720
2721
2723
2724
2726
2727
2729
2730
2732
2733
2735
2736
2738
2739
2741
2742
2744
2745
2747
2748
2750
2751
2753
2754
2756
2758
3441
3442
3443
3444
3445
3446
3447
3448
3449
3450
3451
3452
3453
3454
3455
3456
3457
3458
3459
3460
3461
3462
3463
3464
3465
3466
3467
3468
3469
3470
3471
3472
3473
3474
3475
3476
3477
3478
3479
3480
3481
3482
3483
3484
3485
3486
3487
3488
3489
3490
3491
3492
3493
3494
3495
3496
3497
3498
3499
3500
3501
3502
3503
3504
3505
3506
3507
3508
3509
3510
3511
3512
3513
3514
3515
3516
3517
3518
3519
3520
3521
3522
3523
3524
3525
3526
3527
3528
3529
3530
3532
3533
3535
3536
3538
3539
3541
3542
3544
3545
3547
3548
3550
3551
3553
3554
3556
3557
3559
3560
3562
3563
3565
3566
3568
3569
3571
3572
3574
3575
3577
3578
3580
3581
3583
3584
3586
3587
3589
3590
3592
3593
3595
3596
3598
3599
3601
3602
3604
3605
3607
3608
3610
3611
3613
3614
3616
3618
4301
4302
4303
4304
4305
4306
4307
4308
4309
4310
4311
4312
4313
4314
4315
4316
4317
4318
4319
4320
4321
4322
4323
4324
4325
4326
4327
4328
4329
4330
4331
4332
4333
4334
4335
4336
4337
4338
4339
4340
4341
4342
4343
4344
4345
4346
4347
4348
4349
4350
4351
4352
4353
4354
4355
4356
4357
4358
4359
4360
4361
4362
4363
4364
4365
4366
4367
4368
4369
4370
4371
4372
4373
4374
4375
4376
4377
4378
4379
4380
4381
4382
4383
4384
4385
4386
4387
4388
4389
4390
4392
4393
4395
4396
4398
4399
4401
4402
4404
4405
4407
4408
4410
4411
4413
4414
4416
4417
4419
4420
4422
4423
4425
4426
4428
4429
4431
4432
4434
4435
4437
4438
4440
4441
4443
4444
4446
4447
4449
4450
4452
4453
4455
4456
4458
4459
4461
4462
4464
4465
4467
4468
4470
4471
4473
4474
4476
4478
5161
5162
5163
5164
5165
5166
5167
5168
5169
5170
5171
5172
5173
5174
5175
5176
5177
5178
5179
5180
5181
5182
5183
5184
5185
5186
5187
5188
5189
5190
5191
5192
5193
5194
5195
5196
5197
5198
5199
5200
5201
5202
5203
5204
5205
5206
5207
5208
5209
5210
5211
5212
5213
5214
5215
5216
5217
5218
5219
5220
5221
5222
5223
5224
5225
5226
5227
5228
5229
5230
5231
5232
5233
5234
5235
5236
5237
5238
5239
5240
5241
5242
5243
5244
5245
5246
5247
5248
5249
5250
5252
5253
5255
5256
5258
5259
5261
5262
5264
5265
5267
5268
5270
5271
5273
5274
5276
5277
5279
5280
5282
5283
5285
5286
5288
5289
5291
5292
5294
5295
5297
5298
5300
5301
5303
5304
5306
5307
5309
5310
5312
5313
5315
5316
5318
5319
5321
5322
5324
5325
5327
5328
5330
5331
5333
5334
5336
5338
6021
6022
6023
6024
6025
6026
6027
6028
6029
6030
6031
6032
6033
6034
6035
6036
6037
6038
6039
6040
6041
6042
6043
6044
6045
6046
6047
6048
6049
6050
6051
6052
6053
6054
6055
6056
6057
6058
6059
6060
6061
6062
6063
6064
6065
6066
6067
6068
6069
6070
6071
6072
6073
6074
6075
6076
6077
6078
6079
6080
6081
6082
6083
6084
6085
6086
6087
6088
6089
6090
6091
6092
6093
6094
6095
6096
6097
6098
6099
6100
6101
6102
6103
6104
6105
6106
6107
6108
6109
6110
6112
6113
6115
6116
6118
6119
6121
6122
6124
6125
6127
6128
6130
6131
6133
6134
6136
6137
6139
6140
6142
6143
6145
6146
6148
6149
6151
6152
6154
6155
6157
6158
6160
6161
6163
6164
6166
6167
6169
6170
6172
6173
6175
6176
6178
6179
6181
6182
6184
6185
6187
6188
6190
6191
6193
6194
6196
6198
6881
6882
6883
6884
6885
6886
6887
6888
6889
6890
6891
6892
6893
6894
6895
6896
6897
6898
6899
6900
6901
6902
6903
6904
6905
6906
6907
6908
6909
6910
6911
6912
6913
6914
6915
6916
6917
6918
6919
6920
6921
6922
6923
6924
6925
6926
6927
6928
6929
6930
6931
6932
6933
6934
6935
6936
6937
6938
6939
6940
6941
6942
6943
6944
6945
6946
6947
6948
6949
6950
6951
6952
6953
6954
6955
6956
6957
6958
6959
6960
6961
6962
6963
6964
6965
6966
6967
6968
6969
6970
6972
6973
6975
6976
6978
6979
6981
6982
6984
6985
6987
6988
6990
6991
6993
6994
6996
6997
6999
7000
7002
7003
7005
7006
7008
7009
7011
7012
7014
7015
7017
7018
7020
7021
7023
7024
7026
7027
7029
7030
7032
7033
7035
7036
7038
7039
7041
7042
7044
7045
7047
7048
7050
7051
7053
7054
7056
7058
7741
7742
7743
7744
7745
7746
7747
7748
7749
7750
7751
7752
7753
7754
7755
7756
7757
7758
7759
7760
7761
7762
7763
7764
7765
7766
7767
7768
7769
7770
7771
7772
7773
7774
7775
7776
7777
7778
7779
7780
7781
7782
7783
7784
7785
7786
7787
7788
7789
7790
7791
7792
7793
7794
7795
7796
7797
7798
7799
7800
7802
7804
7806
7808
7810
7812
7814
7816
7818
7820
7822
7824
7826
7828
7830
7832
7834
7836
7838
7840
7842
7844
7846
7848
7850
7852
7854
7856
8601
8602
8611
8612
8621
8622
8631
8632
8641
8642
8651
8652
8661
8662
8671
8672
8681
8682
8691
8692
8701
8702
8711
8712
8721
8722
8731
8732
8741
8742
8751
8752
8761
8762
8771
8772
8781
8782
8791
8792
8801
8802
8803
8804
8805
8806
8807
8808
8809
8810
8811
8812
8813
8814
8815
8816
8817
8818
8819
8820
8821
8822
8823
8824
8825
8826
8827
8828
8829
8830
8831
8832
8833
8834
8835
8836
8837
8838
8839
8840
8841
8842
8843
8844
8845
8846
8847
8848
8849
8850
8851
8852
8853
8854
8855
8856
8857
8858
8859
8860
8861
8862
8863
8864
8865
8866
8867
8868
8869
8870
8871
8872
8873
8874
8875
8876
8877
8878
8879
8880
8881
8882
8883
8884
8885
8886
8887
8888
8889
8890
8891
8892
8893
8894
8895
8896
8897
8898
8899
8900
8901
8902
8903
8904
8905
8906
8907
8908
8909
8910
8911
8912
8913
8914
8915
8916
8917
8918
8919
8920
8921
8922
8923
8924
8925
8926
8927
8928
8929
8930
8931
8932
8933
8934
8935
8936
8937
8938
8939
8940
8941
8942
8943
8944
8945
8946
8947
8948
8949
8950
8951
8952
8953
8954
8955
8956
8957
8958
8959
8960
8961
8962
8963
8964
8965
8966
8967
8968
8969
8970
8971
8972
8973
8974
8975
8976
8977
8978
8979
8980
8981
8982
8983
8984
8985
8986
8987
8988
8989
8990
8991
8992
8993
8994
8995
8996
8997
8998
8999
9000
9001
9002
9003
9004
9005
9006
9007
9008
9009
9010
9011
9012
9013
9014
9015
9016
9017
9018
9019
9020
9021
9022
9023
9024
9025
9026
9027
9028
9029
9030
9031
9032
9033
9034
9035
9036
9037
9038
9039
9040
9041
9042
9043
9044
9045
9046
9047
9048
9049
9050
9051
9052
9053
9054
9055
9056
9057
9058
9059
9060
9061
9062
9063
9064
9065
9066
9067
9068
9069
9070
9071
9072
9073
9074
9075
9076
9077
9078
9079
9080
9081
9082
9083
9084
9085
9086
9087
9088
9089
9090
9091
9092
9093
9094
9095
9096
9097
9098
9099
9100
9101
9102
9111
9112
9121
9122
9131
9132
9141
9142
9151
9152
9161
9162
9171
9172
9181
9182
9191
9192
9201
9202
9211
9212
9221
9222
9231
9232
9241
9242
9251
9252
9261
9262
9271
9272
9281
9282
9291
9292
9301
9302
9311
9312
9321
9322
9331
9332
9341
9342
9351
9352
9361
9362
9371
9372
9381
9382
9391
9392
9401
9402
9411
9412
9421
9422
9431
9432
9441
9442
9451
9452
9461
9462
9471
9472
9481
9482
9491
9492
9501
9502
9511
9512
9521
9522
9531
9532
9541
9542
9551
9552
9561
9562
9571
9572
9581
9582
9591
9592
9601
9602
9611
9612
9621
9622
9631
9632
9641
9642
9651
9652
9661
9662
9671
9672
9681
9682
9691
9692
91
94
97
100
103
106
109
112
115
118
121
124
127
130
133
136
139
142
145
148
151
154
157
160
163
166
169
172
175
177
951
954
957
960
963
966
969
972
975
978
981
984
987
990
993
996
999
1002
1005
1008
1011
1014
1017
1020
1023
1026
1029
1032
1035
1037
1811
1814
1817
1820
1823
1826
1829
1832
1835
1838
1841
1844
1847
1850
1853
1856
1859
1862
1865
1868
1871
1874
1877
1880
1883
1886
1889
1892
1895
1897
2671
2674
2677
2680
2683
2686
2689
2692
2695
2698
2701
2704
2707
2710
2713
2716
2719
2722
2725
2728
2731
2734
2737
2740
2743
2746
2749
2752
2755
2757
3531
3534
3537
3540
3543
3546
3549
3552
3555
3558
3561
3564
3567
3570
3573
3576
3579
3582
3585
3588
3591
3594
3597
3600
3603
3606
3609
3612
3615
3617
4391
4394
4397
4400
4403
4406
4409
4412
4415
4418
4421
4424
4427
4430
4433
4436
4439
4442
4445
4448
4451
4454
4457
4460
4463
4466
4469
4472
4475
4477
5251
5254
5257
5260
5263
5266
5269
5272
5275
5278
5281
5284
5287
5290
5293
5296
5299
5302
5305
5308
5311
5314
5317
5320
5323
5326
5329
5332
5335
5337
6111
6114
6117
6120
6123
6126
6129
6132
6135
6138
6141
6144
6147
6150
6153
6156
6159
6162
6165
6168
6171
6174
6177
6180
6183
6186
6189
6192
6195
6197
6971
6974
6977
6980
6983
6986
6989
6992
6995
6998
7001
7004
7007
7010
7013
7016
7019
7022
7025
7028
7031
7034
7037
7040
7043
7046
7049
7052
7055
7057
7801
7803
7805
7807
7809
7811
7813
7815
7817
7819
7821
7823
7825
7827
7829
7831
7833
7835
7837
7839
7841
7843
7845
7847
7849
7851
7853
7855
7857
7858
)


// ************************************************************************* //
