/*--------------------------------*- C++ -*----------------------------------*\
  =========                 |
  \\      /  F ield         | OpenFOAM: The Open Source CFD Toolbox
   \\    /   O peration     | Website:  https://openfoam.org
    \\  /    A nd           | Version:  11
     \\/     M anipulation  |
\*---------------------------------------------------------------------------*/
FoamFile
{
    format      ascii;
    class       cellSet;
    location    "constant/polyMesh/sets";
    object      silicaGelCellSet;
}
// * * * * * * * * * * * * * * * * * * * * * * * * * * * * * * * * * * * * * //


4320
(
40998 
40999 
41000 
41001 
41002 
41003 
41004 
41005 
41006 
41007 
41008 
41009 
41010 
41011 
41012 
41013 
41014 
41015 
41016 
41017 
41018 
41019 
41020 
41021 
41022 
41023 
41024 
41025 
41026 
41027 
41028 
41029 
41030 
41031 
41032 
41033 
41034 
41035 
16460 
41036 
16461 
41037 
16462 
41038 
16463 
41039 
16464 
41040 
16465 
41041 
16466 
41042 
16467 
41043 
16468 
41044 
16469 
41045 
16470 
41046 
16471 
41047 
16472 
41048 
16473 
41049 
16474 
41050 
16475 
41051 
16476 
41052 
16477 
41053 
16478 
41054 
16479 
41055 
16480 
41056 
16481 
41057 
16482 
41058 
16483 
41059 
16484 
41060 
16485 
41061 
16486 
41062 
16487 
41063 
16488 
41064 
16489 
41065 
16490 
41066 
16491 
41067 
16492 
41068 
16493 
41069 
16494 
41070 
16495 
41071 
16496 
41072 
16497 
41073 
16498 
41074 
16499 
41075 
16500 
41076 
16501 
41077 
16502 
41078 
16503 
41079 
16504 
41080 
16505 
41081 
16506 
41082 
16507 
41083 
16508 
41084 
16509 
41085 
16510 
41086 
16511 
41087 
16512 
41088 
16513 
41089 
16514 
41090 
16515 
41091 
16516 
41092 
16517 
41093 
16518 
41094 
16519 
41095 
16520 
41096 
16521 
41097 
16522 
41098 
16523 
41099 
16524 
41100 
16525 
41101 
16526 
41102 
16527 
41103 
16528 
41104 
16529 
41105 
16530 
41106 
16531 
41107 
16532 
41108 
16533 
41109 
16534 
41110 
16535 
41111 
16536 
41112 
16537 
41113 
16538 
41114 
16539 
41115 
16540 
41116 
16541 
41117 
16542 
41118 
16543 
41119 
16544 
41120 
16545 
41121 
16546 
41122 
16547 
41123 
16548 
41124 
16549 
41125 
16550 
41126 
16551 
41127 
16552 
41128 
16553 
41129 
16554 
41130 
16555 
41131 
16556 
41132 
16557 
41133 
16558 
41134 
16559 
41135 
16560 
41136 
16561 
41137 
16562 
41138 
16563 
41139 
16564 
16565 
16566 
16567 
16568 
16569 
16570 
16571 
16572 
16573 
16574 
16575 
16576 
16577 
16578 
16579 
16580 
16581 
16582 
16583 
16584 
16585 
16586 
16587 
16588 
16589 
16590 
16591 
16592 
16593 
16594 
16595 
16596 
16597 
16598 
16599 
16600 
16601 
16602 
16603 
16604 
16605 
16606 
16607 
16608 
16609 
16610 
16611 
16612 
16613 
16614 
16615 
16616 
16617 
16618 
16619 
16620 
16621 
16622 
16623 
16624 
16625 
16626 
16627 
16628 
16629 
16630 
16631 
16632 
16633 
16634 
16635 
16636 
16637 
16638 
16639 
16640 
16641 
16642 
16643 
16644 
16645 
16646 
16647 
16648 
16649 
16650 
16651 
16652 
16653 
16654 
16655 
16656 
16657 
16658 
16659 
16660 
16661 
16662 
16663 
16664 
16665 
16666 
16667 
16668 
16669 
16670 
16671 
16672 
16673 
16674 
16675 
16676 
16677 
16678 
16679 
16680 
16681 
16682 
16683 
16684 
16685 
16686 
16687 
16688 
16689 
16690 
16691 
16692 
16693 
16694 
16695 
16696 
16697 
16698 
16699 
57660 
16700 
57661 
16701 
57662 
16702 
57663 
16703 
57664 
16704 
57665 
16705 
57666 
16706 
57667 
16707 
57668 
16708 
57669 
16709 
57670 
16710 
57671 
16711 
57672 
16712 
57673 
16713 
57674 
16714 
57675 
16715 
57676 
16716 
57677 
16717 
57678 
16718 
57679 
16719 
57680 
16720 
57681 
16721 
57682 
16722 
57683 
16723 
57684 
16724 
57685 
16725 
57686 
16726 
57687 
16727 
57688 
16728 
57689 
16729 
57690 
16730 
57691 
16731 
57692 
16732 
57693 
16733 
57694 
16734 
57695 
16735 
57696 
16736 
57697 
16737 
57698 
16738 
57699 
16739 
57700 
57701 
57702 
57703 
57704 
57705 
57706 
57707 
57708 
57709 
57710 
57711 
57712 
57713 
57714 
57715 
57716 
57717 
57718 
57719 
57720 
57721 
57722 
57723 
57724 
57725 
57726 
57727 
57728 
57729 
57730 
57731 
57732 
57733 
57734 
57735 
57736 
57737 
57738 
57739 
57740 
57741 
57742 
57743 
57744 
57745 
57746 
57747 
57748 
57749 
57750 
57751 
57752 
57753 
57754 
57755 
57756 
57757 
57758 
57759 
57760 
57761 
57762 
57763 
57764 
57765 
57766 
57767 
57768 
57769 
57770 
57771 
57772 
57773 
57774 
57775 
57776 
57777 
57778 
57779 
57780 
57781 
57782 
57783 
57784 
57785 
57786 
57787 
57788 
57789 
57790 
57791 
57792 
57793 
57794 
57795 
57796 
57797 
57798 
57799 
57800 
57801 
57802 
57803 
57804 
57805 
57806 
57807 
57808 
57809 
57810 
57811 
57812 
57813 
57814 
57815 
57816 
57817 
57818 
57819 
57820 
57821 
57822 
57823 
57824 
57825 
57826 
57827 
57828 
57829 
57830 
57831 
57832 
57833 
57834 
57835 
33260 
57836 
33261 
57837 
33262 
57838 
33263 
57839 
33264 
57840 
33265 
57841 
33266 
57842 
33267 
57843 
33268 
57844 
33269 
57845 
33270 
57846 
33271 
57847 
33272 
57848 
33273 
57849 
33274 
57850 
33275 
57851 
33276 
57852 
33277 
57853 
33278 
57854 
33279 
57855 
33280 
57856 
33281 
57857 
33282 
57858 
33283 
57859 
33284 
57860 
33285 
57861 
33286 
57862 
33287 
57863 
33288 
57864 
33289 
57865 
33290 
57866 
33291 
57867 
33292 
57868 
33293 
57869 
33294 
57870 
33295 
57871 
33296 
57872 
33297 
57873 
33298 
57874 
33299 
57875 
33300 
57876 
33301 
57877 
33302 
57878 
33303 
57879 
33304 
57880 
33305 
57881 
33306 
57882 
33307 
57883 
33308 
57884 
33309 
57885 
33310 
57886 
33311 
57887 
33312 
57888 
33313 
57889 
33314 
57890 
33315 
57891 
33316 
57892 
33317 
57893 
33318 
57894 
33319 
57895 
33320 
57896 
33321 
57897 
33322 
57898 
33323 
57899 
33324 
57900 
33325 
57901 
33326 
57902 
33327 
57903 
33328 
57904 
33329 
57905 
33330 
57906 
33331 
57907 
33332 
57908 
33333 
57909 
33334 
57910 
33335 
57911 
33336 
57912 
33337 
57913 
33338 
57914 
33339 
57915 
33340 
57916 
33341 
57917 
33342 
57918 
33343 
57919 
33344 
57920 
33345 
57921 
33346 
57922 
33347 
57923 
33348 
57924 
33349 
57925 
33350 
57926 
33351 
57927 
33352 
57928 
33353 
57929 
33354 
57930 
33355 
57931 
33356 
57932 
33357 
57933 
33358 
57934 
33359 
57935 
33360 
57936 
33361 
57937 
33362 
57938 
33363 
57939 
33364 
33365 
33366 
33367 
33368 
33369 
33370 
33371 
33372 
33373 
33374 
33375 
33376 
33377 
33378 
33379 
33380 
33381 
33382 
33383 
33384 
33385 
33386 
33387 
33388 
33389 
33390 
33391 
33392 
33393 
33394 
33395 
33396 
33397 
33398 
33399 
33400 
33401 
33402 
33403 
33404 
33405 
33406 
33407 
33408 
33409 
33410 
33411 
33412 
33413 
33414 
33415 
33416 
33417 
33418 
33419 
33420 
33421 
33422 
33423 
33424 
33425 
33426 
33427 
33428 
33429 
33430 
33431 
33432 
33433 
33434 
33435 
33436 
33437 
33438 
33439 
33440 
33441 
33442 
33443 
33444 
33445 
33446 
33447 
33448 
33449 
33450 
33451 
33452 
33453 
33454 
33455 
33456 
33457 
33458 
33459 
33460 
33461 
33462 
33463 
33464 
33465 
33466 
33467 
33468 
33469 
33470 
33471 
33472 
33473 
33474 
33475 
33476 
33477 
33478 
33479 
33480 
33481 
33482 
33483 
33484 
33485 
33486 
33487 
33488 
33489 
33490 
33491 
33492 
33493 
33494 
33495 
33496 
33497 
33498 
33499 
74460 
33500 
74461 
33501 
74462 
33502 
74463 
33503 
74464 
33504 
74465 
33505 
74466 
33506 
74467 
33507 
74468 
33508 
74469 
33509 
74470 
33510 
74471 
33511 
74472 
33512 
74473 
33513 
74474 
33514 
74475 
33515 
74476 
33516 
74477 
33517 
74478 
33518 
74479 
33519 
74480 
33520 
74481 
33521 
74482 
33522 
74483 
33523 
74484 
33524 
74485 
33525 
74486 
33526 
74487 
33527 
74488 
33528 
74489 
33529 
74490 
33530 
74491 
33531 
74492 
33532 
74493 
33533 
74494 
33534 
74495 
33535 
74496 
33536 
74497 
33537 
74498 
33538 
74499 
33539 
74500 
74501 
74502 
74503 
74504 
74505 
74506 
74507 
74508 
74509 
74510 
74511 
74512 
74513 
74514 
74515 
74516 
74517 
74518 
74519 
74520 
74521 
74522 
74523 
74524 
74525 
74526 
74527 
74528 
74529 
74530 
74531 
74532 
74533 
74534 
74535 
74536 
74537 
74538 
74539 
74540 
74541 
74542 
74543 
74544 
74545 
74546 
74547 
74548 
74549 
74550 
74551 
74552 
74553 
74554 
74555 
74556 
74557 
74558 
74559 
74560 
74561 
74562 
74563 
74564 
74565 
74566 
74567 
74568 
74569 
74570 
74571 
74572 
74573 
74574 
74575 
74576 
74577 
74578 
74579 
74580 
74581 
74582 
74583 
74584 
74585 
74586 
74587 
74588 
74589 
74590 
74591 
74592 
74593 
74594 
74595 
74596 
74597 
74598 
74599 
74600 
74601 
74602 
74603 
74604 
74605 
74606 
74607 
74608 
74609 
74610 
74611 
74612 
74613 
74614 
74615 
74616 
74617 
74618 
74619 
74620 
74621 
74622 
74623 
74624 
74625 
74626 
74627 
74628 
74629 
74630 
74631 
74632 
74633 
74634 
74635 
74636 
74637 
74638 
74639 
74640 
74641 
74642 
74643 
74644 
74645 
74646 
74647 
74648 
74649 
74650 
74651 
74652 
74653 
74654 
74655 
74656 
74657 
74658 
74659 
74660 
74661 
74662 
74663 
74664 
74665 
74666 
74667 
74668 
74669 
74670 
74671 
74672 
74673 
74674 
74675 
74676 
74677 
74678 
74679 
74680 
74681 
74682 
74683 
74684 
74685 
74686 
74687 
74688 
74689 
74690 
74691 
74692 
74693 
74694 
74695 
74696 
74697 
74698 
74699 
74700 
74701 
74702 
74703 
74704 
74705 
74706 
74707 
74708 
74709 
74710 
74711 
74712 
74713 
74714 
74715 
74716 
74717 
74718 
74719 
74720 
74721 
74722 
74723 
74724 
74725 
74726 
74727 
74728 
74729 
74730 
74731 
74732 
74733 
74734 
74735 
74736 
74737 
74738 
74739 
91260 
91261 
91262 
91263 
91264 
91265 
91266 
91267 
91268 
91269 
91270 
91271 
91272 
91273 
91274 
91275 
91276 
91277 
91278 
91279 
91280 
91281 
91282 
91283 
91284 
91285 
91286 
91287 
91288 
91289 
91290 
91291 
91292 
91293 
91294 
91295 
91296 
91297 
91298 
91299 
91300 
91301 
91302 
91303 
91304 
91305 
91306 
91307 
91308 
91309 
91310 
91311 
91312 
91313 
91314 
91315 
91316 
91317 
91318 
91319 
91320 
91321 
91322 
91323 
91324 
91325 
91326 
91327 
91328 
91329 
91330 
91331 
91332 
91333 
91334 
91335 
91336 
91337 
91338 
91339 
91340 
91341 
91342 
91343 
91344 
91345 
91346 
91347 
91348 
91349 
91350 
91351 
91352 
91353 
91354 
91355 
91356 
91357 
91358 
91359 
91360 
91361 
91362 
91363 
91364 
91365 
91366 
91367 
91368 
91369 
91370 
91371 
91372 
91373 
91374 
91375 
91376 
91377 
91378 
91379 
91380 
91381 
91382 
91383 
91384 
91385 
91386 
91387 
91388 
91389 
91390 
91391 
91392 
91393 
91394 
91395 
91396 
91397 
91398 
91399 
91400 
91401 
91402 
91403 
91404 
91405 
91406 
91407 
91408 
91409 
91410 
91411 
91412 
91413 
91414 
91415 
91416 
91417 
91418 
91419 
91420 
91421 
91422 
91423 
91424 
91425 
91426 
91427 
91428 
91429 
91430 
91431 
91432 
91433 
91434 
91435 
91436 
91437 
91438 
91439 
91440 
91441 
91442 
91443 
91444 
91445 
91446 
91447 
91448 
91449 
91450 
91451 
91452 
91453 
91454 
91455 
91456 
91457 
91458 
91459 
91460 
91461 
91462 
91463 
91464 
91465 
91466 
91467 
91468 
91469 
91470 
91471 
91472 
91473 
91474 
91475 
91476 
91477 
91478 
91479 
91480 
91481 
91482 
91483 
91484 
91485 
91486 
91487 
91488 
91489 
91490 
91491 
91492 
91493 
91494 
91495 
91496 
91497 
91498 
91499 
91500 
91501 
91502 
91503 
91504 
91505 
91506 
91507 
91508 
91509 
91510 
91511 
91512 
91513 
91514 
91515 
91516 
91517 
91518 
91519 
91520 
91521 
91522 
91523 
91524 
91525 
91526 
91527 
91528 
91529 
91530 
91531 
91532 
91533 
91534 
91535 
91536 
91537 
91538 
91539 
10600 
10601 
10678 
10679 
10680 
10681 
10758 
10759 
10760 
10761 
10838 
10839 
10840 
10841 
10918 
10919 
10920 
10921 
10998 
10999 
11000 
11001 
11002 
11003 
11004 
11005 
11006 
11007 
11008 
11009 
11010 
11011 
11012 
11013 
11014 
11015 
11016 
11017 
11018 
11019 
11020 
11021 
11022 
11023 
11024 
11025 
11026 
11027 
11028 
11029 
11030 
11031 
11032 
11033 
11034 
11035 
11036 
11037 
11038 
11039 
11040 
11041 
11042 
11043 
11044 
11045 
11046 
11047 
11048 
11049 
11050 
11051 
11052 
11053 
11054 
11055 
11056 
11057 
11058 
11059 
11060 
11061 
11062 
11063 
11064 
11065 
11066 
11067 
11068 
11069 
11070 
11071 
11072 
11073 
11074 
11075 
11076 
11077 
11078 
11079 
11080 
11081 
11082 
11083 
11084 
11085 
11086 
11087 
11088 
11089 
11090 
11091 
11092 
11093 
11094 
11095 
11096 
11097 
11098 
11099 
52060 
11100 
52061 
11101 
52062 
11102 
52063 
11103 
52064 
11104 
52065 
11105 
52066 
11106 
52067 
11107 
52068 
11108 
52069 
11109 
52070 
11110 
52071 
11111 
52072 
11112 
52073 
11113 
52074 
11114 
52075 
11115 
52076 
11116 
52077 
11117 
52078 
11118 
52079 
11119 
52080 
11120 
52081 
11121 
52082 
11122 
52083 
11123 
52084 
11124 
52085 
11125 
52086 
11126 
52087 
11127 
52088 
11128 
52089 
11129 
52090 
11130 
52091 
11131 
52092 
11132 
52093 
11133 
52094 
11134 
52095 
11135 
52096 
11136 
52097 
11137 
52098 
11138 
52099 
11139 
52100 
52101 
52102 
52103 
52104 
52105 
52106 
52107 
52108 
52109 
52110 
52111 
52112 
52113 
52114 
52115 
52116 
52117 
52118 
52119 
52120 
52121 
52122 
52123 
52124 
52125 
52126 
52127 
52128 
52129 
52130 
52131 
52132 
52133 
52134 
52135 
52136 
52137 
52138 
52139 
52140 
52141 
52142 
52143 
52144 
52145 
52146 
52147 
52148 
52149 
52150 
52151 
52152 
52153 
52154 
52155 
52156 
52157 
52158 
52159 
52160 
52161 
52162 
52163 
52164 
52165 
52166 
52167 
52168 
52169 
52170 
52171 
52172 
52173 
52174 
52175 
52176 
52177 
52178 
52179 
52180 
52181 
52182 
52183 
52184 
52185 
52186 
52187 
52188 
52189 
52190 
52191 
52192 
52193 
52194 
52195 
52196 
52197 
52198 
52199 
52200 
52201 
52202 
52203 
52204 
52205 
52206 
52207 
52208 
52209 
52210 
52211 
52212 
52213 
52214 
52215 
52216 
52217 
52218 
52219 
52220 
52221 
52222 
52223 
52224 
52225 
52226 
52227 
52228 
52229 
52230 
52231 
52232 
52233 
52234 
52235 
27660 
52236 
27661 
52237 
27662 
52238 
27663 
52239 
27664 
52240 
27665 
52241 
27666 
52242 
27667 
52243 
27668 
52244 
27669 
52245 
27670 
52246 
27671 
52247 
27672 
52248 
27673 
52249 
27674 
52250 
27675 
52251 
27676 
52252 
27677 
52253 
27678 
52254 
27679 
52255 
27680 
52256 
27681 
52257 
27682 
52258 
27683 
52259 
27684 
52260 
27685 
52261 
27686 
52262 
27687 
52263 
27688 
52264 
27689 
52265 
27690 
52266 
27691 
52267 
27692 
52268 
27693 
52269 
27694 
52270 
27695 
52271 
27696 
52272 
27697 
52273 
27698 
52274 
27699 
52275 
27700 
52276 
27701 
52277 
27702 
52278 
27703 
52279 
27704 
52280 
27705 
52281 
27706 
52282 
27707 
52283 
27708 
52284 
27709 
52285 
27710 
52286 
27711 
52287 
27712 
52288 
27713 
52289 
27714 
52290 
27715 
52291 
27716 
52292 
27717 
52293 
27718 
52294 
27719 
52295 
27720 
52296 
27721 
52297 
27722 
52298 
27723 
52299 
27724 
52300 
27725 
52301 
27726 
52302 
27727 
52303 
27728 
52304 
27729 
52305 
27730 
52306 
27731 
52307 
27732 
52308 
27733 
52309 
27734 
52310 
27735 
52311 
27736 
52312 
27737 
52313 
27738 
52314 
27739 
52315 
27740 
52316 
27741 
52317 
27742 
52318 
27743 
52319 
27744 
52320 
27745 
52321 
27746 
52322 
27747 
52323 
27748 
52324 
27749 
52325 
27750 
52326 
27751 
52327 
27752 
52328 
27753 
52329 
27754 
52330 
27755 
52331 
27756 
52332 
27757 
52333 
27758 
52334 
27759 
52335 
27760 
52336 
27761 
52337 
27762 
52338 
27763 
52339 
27764 
27765 
27766 
27767 
27768 
27769 
27770 
27771 
27772 
27773 
27774 
27775 
27776 
27777 
27778 
27779 
27780 
27781 
27782 
27783 
27784 
27785 
27786 
27787 
27788 
27789 
27790 
27791 
27792 
27793 
27794 
27795 
27796 
27797 
27798 
27799 
27800 
27801 
27802 
27803 
27804 
27805 
27806 
27807 
27808 
27809 
27810 
27811 
27812 
27813 
27814 
27815 
27816 
27817 
27818 
27819 
27820 
27821 
27822 
27823 
27824 
27825 
27826 
27827 
27828 
27829 
27830 
27831 
27832 
27833 
27834 
27835 
27836 
27837 
27838 
27839 
27840 
27841 
27842 
27843 
27844 
27845 
27846 
27847 
27848 
27849 
27850 
27851 
27852 
27853 
27854 
27855 
27856 
27857 
27858 
27859 
27860 
27861 
27862 
27863 
27864 
27865 
27866 
27867 
27868 
27869 
27870 
27871 
27872 
27873 
27874 
27875 
27876 
27877 
27878 
27879 
27880 
27881 
27882 
27883 
27884 
27885 
27886 
27887 
27888 
27889 
27890 
27891 
27892 
27893 
27894 
27895 
27896 
27897 
27898 
27899 
68860 
27900 
68861 
27901 
68862 
27902 
68863 
27903 
68864 
27904 
68865 
27905 
68866 
27906 
68867 
27907 
68868 
27908 
68869 
27909 
68870 
27910 
68871 
27911 
68872 
27912 
68873 
27913 
68874 
27914 
68875 
27915 
68876 
27916 
68877 
27917 
68878 
27918 
68879 
27919 
68880 
27920 
68881 
27921 
68882 
27922 
68883 
27923 
68884 
27924 
68885 
27925 
68886 
27926 
68887 
27927 
68888 
27928 
68889 
27929 
68890 
27930 
68891 
27931 
68892 
27932 
68893 
27933 
68894 
27934 
68895 
27935 
68896 
27936 
68897 
27937 
68898 
27938 
68899 
27939 
68900 
68901 
68902 
68903 
68904 
68905 
68906 
68907 
68908 
68909 
68910 
68911 
68912 
68913 
68914 
68915 
68916 
68917 
68918 
68919 
68920 
68921 
68922 
68923 
68924 
68925 
68926 
68927 
68928 
68929 
68930 
68931 
68932 
68933 
68934 
68935 
68936 
68937 
68938 
68939 
68940 
68941 
68942 
68943 
68944 
68945 
68946 
68947 
68948 
68949 
68950 
68951 
68952 
68953 
68954 
68955 
68956 
68957 
68958 
68959 
68960 
68961 
68962 
68963 
68964 
68965 
68966 
68967 
68968 
68969 
68970 
68971 
68972 
68973 
68974 
68975 
68976 
68977 
68978 
68979 
68980 
68981 
68982 
68983 
68984 
68985 
68986 
68987 
68988 
68989 
68990 
68991 
68992 
68993 
68994 
68995 
68996 
68997 
68998 
68999 
69000 
69001 
69002 
69003 
69004 
69005 
69006 
69007 
69008 
69009 
69010 
69011 
69012 
69013 
69014 
69015 
69016 
69017 
69018 
69019 
69020 
69021 
69022 
69023 
69024 
69025 
69026 
69027 
69028 
69029 
69030 
69031 
69032 
69033 
69034 
69035 
69036 
69037 
69038 
69039 
69040 
69041 
69042 
69043 
69044 
69045 
69046 
69047 
69048 
69049 
69050 
69051 
69052 
69053 
69054 
69055 
69056 
69057 
69058 
69059 
69060 
69061 
69062 
69063 
69064 
69065 
69066 
69067 
69068 
69069 
69070 
69071 
69072 
69073 
69074 
69075 
69076 
69077 
69078 
69079 
69080 
69081 
69082 
69083 
69084 
69085 
69086 
69087 
69088 
69089 
69090 
69091 
69092 
69093 
69094 
69095 
69096 
69097 
69098 
69099 
69100 
69101 
69102 
69103 
69104 
69105 
69106 
69107 
69108 
69109 
69110 
69111 
69112 
69113 
69114 
69115 
69116 
69117 
69118 
69119 
69120 
69121 
69122 
69123 
69124 
69125 
69126 
69127 
69128 
69129 
69130 
69131 
69132 
69133 
69134 
69135 
69136 
69137 
69138 
69139 
85660 
85661 
85662 
85663 
85664 
85665 
85666 
85667 
85668 
85669 
85670 
85671 
85672 
85673 
85674 
85675 
85676 
85677 
85678 
85679 
85680 
85681 
85682 
85683 
85684 
85685 
85686 
85687 
85688 
85689 
85690 
85691 
85692 
85693 
85694 
85695 
85696 
85697 
85698 
85699 
85700 
85701 
85702 
85703 
85704 
85705 
85706 
85707 
85708 
85709 
85710 
85711 
85712 
85713 
85714 
85715 
85716 
85717 
85718 
85719 
85720 
85721 
85722 
85723 
85724 
85725 
85726 
85727 
85728 
85729 
85730 
85731 
85732 
85733 
85734 
85735 
85736 
85737 
85738 
85739 
85740 
85741 
85742 
85743 
85744 
85745 
85746 
85747 
85748 
85749 
85750 
85751 
85752 
85753 
85754 
85755 
85756 
85757 
85758 
85759 
85760 
85761 
85762 
85763 
85764 
85765 
85766 
85767 
85768 
85769 
85770 
85771 
85772 
85773 
85774 
85775 
85776 
85777 
85778 
85779 
85780 
85781 
85782 
85783 
85784 
85785 
85786 
85787 
85788 
85789 
85790 
85791 
85792 
85793 
85794 
85795 
85796 
85797 
85798 
85799 
85800 
85801 
85802 
85803 
85804 
85805 
85806 
85807 
85808 
85809 
85810 
85811 
85812 
85813 
85814 
85815 
85816 
85817 
85818 
85819 
85820 
85821 
85822 
85823 
85824 
85825 
85826 
85827 
85828 
85829 
85830 
85831 
85832 
85833 
85834 
85835 
85836 
85837 
85838 
85839 
85840 
85841 
85842 
85843 
85844 
85845 
85846 
85847 
85848 
85849 
85850 
85851 
85852 
85853 
85854 
85855 
85856 
85857 
85858 
85859 
85860 
85861 
85862 
85863 
85864 
85865 
85866 
85867 
85868 
85869 
85870 
85871 
85872 
85873 
85874 
85875 
85876 
85877 
85878 
85879 
85880 
85881 
85882 
85883 
85884 
85885 
85886 
85887 
85888 
85889 
85890 
85891 
85892 
85893 
85894 
85895 
85896 
85897 
85898 
85899 
85900 
85901 
85902 
85903 
85904 
85905 
85906 
85907 
85908 
85909 
85910 
85911 
85912 
85913 
85914 
85915 
85916 
85917 
85918 
85919 
85920 
85921 
85922 
85923 
85924 
85925 
85926 
85927 
85928 
85929 
85930 
85931 
85932 
85933 
85934 
85935 
85936 
85937 
85938 
85939 
46460 
46461 
46462 
46463 
46464 
46465 
46466 
46467 
46468 
46469 
46470 
46471 
46472 
46473 
46474 
46475 
46476 
46477 
46478 
46479 
46480 
46481 
46482 
46483 
46484 
46485 
46486 
46487 
46488 
46489 
46490 
46491 
46492 
46493 
46494 
46495 
46496 
46497 
46498 
46499 
46500 
46501 
46502 
46503 
46504 
46505 
46506 
46507 
46508 
46509 
46510 
46511 
46512 
46513 
46514 
46515 
46516 
46517 
46518 
46519 
46520 
46521 
46522 
46523 
46524 
46525 
46526 
46527 
46528 
46529 
46530 
46531 
46532 
46533 
46534 
46535 
46536 
46537 
46538 
46539 
46540 
46541 
46542 
46543 
46544 
46545 
46546 
46547 
46548 
46549 
46550 
46551 
46552 
46553 
46554 
46555 
46556 
46557 
46558 
46559 
46560 
46561 
46562 
46563 
46564 
46565 
46566 
46567 
46568 
46569 
46570 
46571 
46572 
46573 
46574 
46575 
46576 
46577 
46578 
46579 
46580 
46581 
46582 
46583 
46584 
46585 
46586 
46587 
46588 
46589 
46590 
46591 
46592 
46593 
46594 
46595 
46596 
46597 
46598 
46599 
46600 
46601 
46602 
46603 
46604 
46605 
46606 
46607 
46608 
46609 
46610 
46611 
46612 
46613 
46614 
46615 
46616 
46617 
46618 
46619 
46620 
46621 
46622 
46623 
46624 
46625 
46626 
46627 
46628 
46629 
46630 
46631 
46632 
46633 
46634 
46635 
22060 
46636 
22061 
46637 
22062 
46638 
22063 
46639 
22064 
46640 
22065 
46641 
22066 
46642 
22067 
46643 
22068 
46644 
22069 
46645 
22070 
46646 
22071 
46647 
22072 
46648 
22073 
46649 
22074 
46650 
22075 
46651 
22076 
46652 
22077 
46653 
22078 
46654 
22079 
46655 
22080 
46656 
22081 
46657 
22082 
46658 
22083 
46659 
22084 
46660 
22085 
46661 
22086 
46662 
22087 
46663 
22088 
46664 
22089 
46665 
22090 
46666 
22091 
46667 
22092 
46668 
22093 
46669 
22094 
46670 
22095 
46671 
22096 
46672 
22097 
46673 
22098 
46674 
22099 
46675 
22100 
46676 
22101 
46677 
22102 
46678 
22103 
46679 
22104 
46680 
22105 
46681 
22106 
46682 
22107 
46683 
22108 
46684 
22109 
46685 
22110 
46686 
22111 
46687 
22112 
46688 
22113 
46689 
22114 
46690 
22115 
46691 
22116 
46692 
22117 
46693 
22118 
46694 
22119 
46695 
22120 
46696 
22121 
46697 
22122 
46698 
22123 
46699 
22124 
46700 
22125 
46701 
22126 
46702 
22127 
46703 
22128 
46704 
22129 
46705 
22130 
46706 
22131 
46707 
22132 
46708 
22133 
46709 
22134 
46710 
22135 
46711 
22136 
46712 
22137 
46713 
22138 
46714 
22139 
46715 
22140 
46716 
22141 
46717 
22142 
46718 
22143 
46719 
22144 
46720 
22145 
46721 
22146 
46722 
22147 
46723 
22148 
46724 
22149 
46725 
22150 
46726 
22151 
46727 
22152 
46728 
22153 
46729 
22154 
46730 
22155 
46731 
22156 
46732 
22157 
46733 
22158 
46734 
22159 
46735 
22160 
46736 
22161 
46737 
22162 
46738 
22163 
46739 
22164 
22165 
22166 
22167 
22168 
22169 
22170 
22171 
22172 
22173 
22174 
22175 
22176 
22177 
22178 
22179 
22180 
22181 
22182 
22183 
22184 
22185 
22186 
22187 
22188 
22189 
22190 
22191 
22192 
22193 
22194 
22195 
22196 
22197 
22198 
22199 
22200 
22201 
22202 
22203 
22204 
22205 
22206 
22207 
22208 
22209 
22210 
22211 
22212 
22213 
22214 
22215 
22216 
22217 
22218 
22219 
22220 
22221 
22222 
22223 
22224 
22225 
22226 
22227 
22228 
22229 
22230 
22231 
22232 
22233 
22234 
22235 
22236 
22237 
22238 
22239 
22240 
22241 
22242 
22243 
22244 
22245 
22246 
22247 
22248 
22249 
22250 
22251 
22252 
22253 
22254 
22255 
22256 
22257 
22258 
22259 
22260 
22261 
22262 
22263 
22264 
22265 
22266 
22267 
22268 
22269 
22270 
22271 
22272 
22273 
22274 
22275 
22276 
22277 
22278 
22279 
22280 
22281 
22282 
22283 
22284 
22285 
22286 
22287 
22288 
22289 
22290 
22291 
22292 
22293 
22294 
22295 
22296 
22297 
22298 
22299 
63260 
22300 
63261 
22301 
63262 
22302 
63263 
22303 
63264 
22304 
63265 
22305 
63266 
22306 
63267 
22307 
63268 
22308 
63269 
22309 
63270 
22310 
63271 
22311 
63272 
22312 
63273 
22313 
63274 
22314 
63275 
22315 
63276 
22316 
63277 
22317 
63278 
22318 
63279 
22319 
63280 
22320 
63281 
22321 
63282 
22322 
63283 
22323 
63284 
22324 
63285 
22325 
63286 
22326 
63287 
22327 
63288 
22328 
63289 
22329 
63290 
22330 
63291 
22331 
63292 
22332 
63293 
22333 
63294 
22334 
63295 
22335 
63296 
22336 
63297 
22337 
63298 
22338 
63299 
22339 
63300 
63301 
63302 
63303 
63304 
63305 
63306 
63307 
63308 
63309 
63310 
63311 
63312 
63313 
63314 
63315 
63316 
63317 
63318 
63319 
63320 
63321 
63322 
63323 
63324 
63325 
63326 
63327 
63328 
63329 
63330 
63331 
63332 
63333 
63334 
63335 
63336 
63337 
63338 
63339 
63340 
63341 
63342 
63343 
63344 
63345 
63346 
63347 
63348 
63349 
63350 
63351 
63352 
63353 
63354 
63355 
63356 
63357 
63358 
63359 
63360 
63361 
63362 
63363 
63364 
63365 
63366 
63367 
63368 
63369 
63370 
63371 
63372 
63373 
63374 
63375 
63376 
63377 
63378 
63379 
63380 
63381 
63382 
63383 
63384 
63385 
63386 
63387 
63388 
63389 
63390 
63391 
63392 
63393 
63394 
63395 
63396 
63397 
63398 
63399 
63400 
63401 
63402 
63403 
63404 
63405 
63406 
63407 
63408 
63409 
63410 
63411 
63412 
63413 
63414 
63415 
63416 
63417 
63418 
63419 
63420 
63421 
63422 
63423 
63424 
63425 
63426 
63427 
63428 
63429 
63430 
63431 
63432 
63433 
63434 
63435 
38860 
63436 
38861 
63437 
38862 
63438 
38863 
63439 
38864 
63440 
38865 
63441 
38866 
63442 
38867 
63443 
38868 
63444 
38869 
63445 
38870 
63446 
38871 
63447 
38872 
63448 
38873 
63449 
38874 
63450 
38875 
63451 
38876 
63452 
38877 
63453 
38878 
63454 
38879 
63455 
38880 
63456 
38881 
63457 
38882 
63458 
38883 
63459 
38884 
63460 
38885 
63461 
38886 
63462 
38887 
63463 
38888 
63464 
38889 
63465 
38890 
63466 
38891 
63467 
38892 
63468 
38893 
63469 
38894 
63470 
38895 
63471 
38896 
63472 
38897 
63473 
38898 
63474 
38899 
63475 
38900 
63476 
38901 
63477 
38902 
63478 
38903 
63479 
38904 
63480 
38905 
63481 
38906 
63482 
38907 
63483 
38908 
63484 
38909 
63485 
38910 
63486 
38911 
63487 
38912 
63488 
38913 
63489 
38914 
63490 
38915 
63491 
38916 
63492 
38917 
63493 
38918 
63494 
38919 
63495 
38920 
63496 
38921 
63497 
38922 
63498 
38923 
63499 
38924 
63500 
38925 
63501 
38926 
63502 
38927 
63503 
38928 
63504 
38929 
63505 
38930 
63506 
38931 
63507 
38932 
63508 
38933 
63509 
38934 
63510 
38935 
63511 
38936 
63512 
38937 
63513 
38938 
63514 
38939 
63515 
38940 
63516 
38941 
63517 
38942 
63518 
38943 
63519 
38944 
63520 
38945 
63521 
38946 
63522 
38947 
63523 
38948 
63524 
38949 
63525 
38950 
63526 
38951 
63527 
38952 
63528 
38953 
63529 
38954 
63530 
38955 
63531 
38956 
63532 
38957 
63533 
38958 
63534 
38959 
63535 
38960 
63536 
38961 
63537 
38962 
63538 
38963 
63539 
38964 
38965 
38966 
38967 
38968 
38969 
38970 
38971 
38972 
38973 
38974 
38975 
38976 
38977 
38978 
38979 
38980 
38981 
38982 
38983 
38984 
38985 
38986 
38987 
38988 
38989 
38990 
38991 
38992 
38993 
38994 
38995 
38996 
38997 
38998 
38999 
39000 
39001 
39078 
39079 
39080 
39081 
80060 
80061 
80062 
80063 
80064 
80065 
80066 
80067 
80068 
80069 
80070 
80071 
80072 
80073 
80074 
80075 
80076 
80077 
80078 
80079 
80080 
80081 
80082 
80083 
80084 
80085 
80086 
80087 
80088 
80089 
80090 
80091 
80092 
80093 
80094 
80095 
80096 
80097 
80098 
80099 
80100 
80101 
80102 
80103 
80104 
80105 
80106 
80107 
80108 
80109 
80110 
80111 
80112 
80113 
80114 
80115 
80116 
80117 
80118 
39158 
80119 
39159 
80120 
39160 
80121 
39161 
80122 
80123 
80124 
80125 
80126 
80127 
80128 
80129 
80130 
80131 
80132 
80133 
80134 
80135 
80136 
80137 
80138 
80139 
80140 
80141 
80142 
80143 
80144 
80145 
80146 
80147 
80148 
80149 
80150 
80151 
80152 
80153 
80154 
80155 
80156 
80157 
80158 
80159 
80160 
80161 
80162 
80163 
80164 
80165 
80166 
80167 
80168 
80169 
80170 
80171 
80172 
80173 
80174 
80175 
80176 
80177 
80178 
80179 
80180 
80181 
80182 
80183 
80184 
80185 
80186 
80187 
80188 
80189 
80190 
80191 
80192 
80193 
80194 
80195 
80196 
80197 
80198 
39238 
80199 
39239 
80200 
39240 
80201 
39241 
80202 
80203 
80204 
80205 
80206 
80207 
80208 
80209 
80210 
80211 
80212 
80213 
80214 
80215 
80216 
80217 
80218 
80219 
80220 
80221 
80222 
80223 
80224 
80225 
80226 
80227 
80228 
80229 
80230 
80231 
80232 
80233 
80234 
80235 
80236 
80237 
80238 
80239 
80240 
80241 
80242 
80243 
80244 
80245 
80246 
80247 
80248 
80249 
80250 
80251 
80252 
80253 
80254 
80255 
80256 
80257 
80258 
80259 
80260 
80261 
80262 
80263 
80264 
80265 
80266 
80267 
80268 
80269 
80270 
80271 
80272 
80273 
80274 
80275 
80276 
80277 
39318 
80278 
39319 
80279 
80280 
39320 
80281 
39321 
80282 
80283 
80284 
80285 
80286 
80287 
80288 
80289 
80290 
80291 
80292 
80293 
80294 
80295 
80296 
80297 
80298 
80299 
80300 
80301 
80302 
80303 
80304 
80305 
80306 
80307 
80308 
80309 
80310 
80311 
80312 
80313 
80314 
80315 
80316 
80317 
80318 
80319 
80320 
80321 
80322 
80323 
80324 
80325 
80326 
80327 
80328 
80329 
80330 
80331 
80332 
80333 
80334 
80335 
80336 
80337 
80338 
80339 
39398 
39399 
39400 
39401 
39478 
39479 
39480 
39481 
96860 
96861 
96862 
96863 
96864 
96865 
96866 
96867 
96868 
96869 
96870 
96871 
96872 
96873 
96874 
96875 
96876 
96877 
96878 
96879 
96880 
96881 
96882 
96883 
96884 
96885 
96886 
96887 
96888 
96889 
96890 
96891 
96892 
96893 
96894 
96895 
96896 
96897 
96898 
96899 
96900 
96901 
96902 
39558 
96903 
39559 
96904 
39560 
96905 
39561 
96906 
96907 
96908 
96909 
96910 
96911 
96912 
96913 
96914 
96915 
96916 
96917 
96918 
96919 
96920 
96921 
96922 
96923 
96924 
96925 
96926 
96927 
96928 
96929 
96930 
96931 
96932 
96933 
96934 
96935 
96936 
96937 
96938 
96939 
96940 
96941 
96942 
96943 
96944 
96945 
96946 
96947 
96948 
96949 
96950 
96951 
96952 
96953 
96954 
96955 
96956 
96957 
96958 
96959 
96960 
96961 
96962 
96963 
96964 
96965 
96966 
96967 
96968 
96969 
96970 
96971 
96972 
96973 
96974 
96975 
96976 
96977 
96978 
96979 
96980 
96981 
96982 
39638 
96983 
39639 
96984 
39640 
96985 
39641 
96986 
96987 
96988 
96989 
96990 
96991 
96992 
96993 
96994 
96995 
96996 
96997 
96998 
96999 
39718 
39719 
39720 
39721 
39798 
39799 
39800 
39801 
39878 
39879 
39880 
39881 
39958 
39959 
39960 
39961 
40038 
40039 
40040 
40041 
40118 
40119 
40120 
40121 
40198 
40199 
40200 
40201 
40278 
40279 
40280 
40281 
40358 
40359 
40360 
40361 
40438 
40439 
40440 
40441 
40518 
40519 
40520 
40521 
40598 
40599 
40600 
40601 
40678 
40679 
40680 
40681 
40758 
40759 
40760 
40761 
40838 
40839 
40840 
40841 
40918 
40919 
40920 
40921 
)

// ************************************************************************* //
