/*--------------------------------*- C++ -*----------------------------------*\
  =========                 |
  \\      /  F ield         | OpenFOAM: The Open Source CFD Toolbox
   \\    /   O peration     | Website:  https://openfoam.org
    \\  /    A nd           | Version:  11
     \\/     M anipulation  |
\*---------------------------------------------------------------------------*/
FoamFile
{
    format      ascii;
    class       labelList;
    location    "constant/water/polyMesh";
    object      faceRegionAddressing;
}
// * * * * * * * * * * * * * * * * * * * * * * * * * * * * * * * * * * * * * //


5000
(
179
180
181
182
183
184
185
186
187
188
189
190
191
192
193
194
195
196
197
198
199
200
201
202
203
204
205
206
207
208
209
210
211
212
213
214
215
216
217
218
219
220
221
222
223
224
225
226
227
228
229
230
231
232
233
234
235
236
237
238
239
240
241
242
243
244
245
246
247
248
249
250
251
252
253
254
255
256
257
258
259
260
261
262
263
264
265
266
267
268
269
270
271
272
273
274
275
276
277
278
279
280
281
282
283
284
285
286
287
288
289
290
291
292
293
294
295
296
297
298
299
300
301
302
303
304
305
306
307
308
309
310
311
312
313
314
315
316
317
318
319
320
321
322
323
324
325
326
327
328
329
330
331
332
333
334
335
336
337
338
339
340
341
342
343
344
345
346
347
348
349
350
351
352
353
354
355
356
357
358
359
360
361
362
363
364
365
366
367
368
369
370
371
372
373
374
375
376
377
378
379
380
381
382
383
384
385
386
387
388
389
390
391
392
393
394
395
396
397
398
399
400
401
402
403
404
405
406
407
408
409
410
411
412
413
414
415
416
417
418
419
420
421
422
423
424
425
426
427
428
429
430
431
432
433
434
435
436
437
438
439
440
441
442
443
444
445
446
447
448
449
450
451
452
453
454
455
456
457
458
459
460
461
462
463
464
465
466
467
468
469
470
471
472
473
474
475
476
477
478
479
480
481
482
483
484
485
486
487
488
489
490
491
492
493
494
495
496
497
498
499
500
501
502
503
504
505
506
507
508
509
510
511
512
513
514
515
516
517
518
519
520
521
522
523
524
525
526
527
528
529
530
531
532
533
534
535
537
538
540
541
543
544
546
547
549
550
552
553
555
556
558
559
561
562
564
565
567
568
570
571
573
574
576
577
579
580
582
583
585
586
588
589
591
592
594
595
597
598
600
601
603
604
606
607
609
610
612
613
615
616
618
619
621
623
1039
1040
1041
1042
1043
1044
1045
1046
1047
1048
1049
1050
1051
1052
1053
1054
1055
1056
1057
1058
1059
1060
1061
1062
1063
1064
1065
1066
1067
1068
1069
1070
1071
1072
1073
1074
1075
1076
1077
1078
1079
1080
1081
1082
1083
1084
1085
1086
1087
1088
1089
1090
1091
1092
1093
1094
1095
1096
1097
1098
1099
1100
1101
1102
1103
1104
1105
1106
1107
1108
1109
1110
1111
1112
1113
1114
1115
1116
1117
1118
1119
1120
1121
1122
1123
1124
1125
1126
1127
1128
1129
1130
1131
1132
1133
1134
1135
1136
1137
1138
1139
1140
1141
1142
1143
1144
1145
1146
1147
1148
1149
1150
1151
1152
1153
1154
1155
1156
1157
1158
1159
1160
1161
1162
1163
1164
1165
1166
1167
1168
1169
1170
1171
1172
1173
1174
1175
1176
1177
1178
1179
1180
1181
1182
1183
1184
1185
1186
1187
1188
1189
1190
1191
1192
1193
1194
1195
1196
1197
1198
1199
1200
1201
1202
1203
1204
1205
1206
1207
1208
1209
1210
1211
1212
1213
1214
1215
1216
1217
1218
1219
1220
1221
1222
1223
1224
1225
1226
1227
1228
1229
1230
1231
1232
1233
1234
1235
1236
1237
1238
1239
1240
1241
1242
1243
1244
1245
1246
1247
1248
1249
1250
1251
1252
1253
1254
1255
1256
1257
1258
1259
1260
1261
1262
1263
1264
1265
1266
1267
1268
1269
1270
1271
1272
1273
1274
1275
1276
1277
1278
1279
1280
1281
1282
1283
1284
1285
1286
1287
1288
1289
1290
1291
1292
1293
1294
1295
1296
1297
1298
1299
1300
1301
1302
1303
1304
1305
1306
1307
1308
1309
1310
1311
1312
1313
1314
1315
1316
1317
1318
1319
1320
1321
1322
1323
1324
1325
1326
1327
1328
1329
1330
1331
1332
1333
1334
1335
1336
1337
1338
1339
1340
1341
1342
1343
1344
1345
1346
1347
1348
1349
1350
1351
1352
1353
1354
1355
1356
1357
1358
1359
1360
1361
1362
1363
1364
1365
1366
1367
1368
1369
1370
1371
1372
1373
1374
1375
1376
1377
1378
1379
1380
1381
1382
1383
1384
1385
1386
1387
1388
1389
1390
1391
1392
1393
1394
1395
1397
1398
1400
1401
1403
1404
1406
1407
1409
1410
1412
1413
1415
1416
1418
1419
1421
1422
1424
1425
1427
1428
1430
1431
1433
1434
1436
1437
1439
1440
1442
1443
1445
1446
1448
1449
1451
1452
1454
1455
1457
1458
1460
1461
1463
1464
1466
1467
1469
1470
1472
1473
1475
1476
1478
1479
1481
1483
1899
1900
1901
1902
1903
1904
1905
1906
1907
1908
1909
1910
1911
1912
1913
1914
1915
1916
1917
1918
1919
1920
1921
1922
1923
1924
1925
1926
1927
1928
1929
1930
1931
1932
1933
1934
1935
1936
1937
1938
1939
1940
1941
1942
1943
1944
1945
1946
1947
1948
1949
1950
1951
1952
1953
1954
1955
1956
1957
1958
1959
1960
1961
1962
1963
1964
1965
1966
1967
1968
1969
1970
1971
1972
1973
1974
1975
1976
1977
1978
1979
1980
1981
1982
1983
1984
1985
1986
1987
1988
1989
1990
1991
1992
1993
1994
1995
1996
1997
1998
1999
2000
2001
2002
2003
2004
2005
2006
2007
2008
2009
2010
2011
2012
2013
2014
2015
2016
2017
2018
2019
2020
2021
2022
2023
2024
2025
2026
2027
2028
2029
2030
2031
2032
2033
2034
2035
2036
2037
2038
2039
2040
2041
2042
2043
2044
2045
2046
2047
2048
2049
2050
2051
2052
2053
2054
2055
2056
2057
2058
2059
2060
2061
2062
2063
2064
2065
2066
2067
2068
2069
2070
2071
2072
2073
2074
2075
2076
2077
2078
2079
2080
2081
2082
2083
2084
2085
2086
2087
2088
2089
2090
2091
2092
2093
2094
2095
2096
2097
2098
2099
2100
2101
2102
2103
2104
2105
2106
2107
2108
2109
2110
2111
2112
2113
2114
2115
2116
2117
2118
2119
2120
2121
2122
2123
2124
2125
2126
2127
2128
2129
2130
2131
2132
2133
2134
2135
2136
2137
2138
2139
2140
2141
2142
2143
2144
2145
2146
2147
2148
2149
2150
2151
2152
2153
2154
2155
2156
2157
2158
2159
2160
2161
2162
2163
2164
2165
2166
2167
2168
2169
2170
2171
2172
2173
2174
2175
2176
2177
2178
2179
2180
2181
2182
2183
2184
2185
2186
2187
2188
2189
2190
2191
2192
2193
2194
2195
2196
2197
2198
2199
2200
2201
2202
2203
2204
2205
2206
2207
2208
2209
2210
2211
2212
2213
2214
2215
2216
2217
2218
2219
2220
2221
2222
2223
2224
2225
2226
2227
2228
2229
2230
2231
2232
2233
2234
2235
2236
2237
2238
2239
2240
2241
2242
2243
2244
2245
2246
2247
2248
2249
2250
2251
2252
2253
2254
2255
2257
2258
2260
2261
2263
2264
2266
2267
2269
2270
2272
2273
2275
2276
2278
2279
2281
2282
2284
2285
2287
2288
2290
2291
2293
2294
2296
2297
2299
2300
2302
2303
2305
2306
2308
2309
2311
2312
2314
2315
2317
2318
2320
2321
2323
2324
2326
2327
2329
2330
2332
2333
2335
2336
2338
2339
2341
2343
2759
2760
2761
2762
2763
2764
2765
2766
2767
2768
2769
2770
2771
2772
2773
2774
2775
2776
2777
2778
2779
2780
2781
2782
2783
2784
2785
2786
2787
2788
2789
2790
2791
2792
2793
2794
2795
2796
2797
2798
2799
2800
2801
2802
2803
2804
2805
2806
2807
2808
2809
2810
2811
2812
2813
2814
2815
2816
2817
2818
2819
2820
2821
2822
2823
2824
2825
2826
2827
2828
2829
2830
2831
2832
2833
2834
2835
2836
2837
2838
2839
2840
2841
2842
2843
2844
2845
2846
2847
2848
2849
2850
2851
2852
2853
2854
2855
2856
2857
2858
2859
2860
2861
2862
2863
2864
2865
2866
2867
2868
2869
2870
2871
2872
2873
2874
2875
2876
2877
2878
2879
2880
2881
2882
2883
2884
2885
2886
2887
2888
2889
2890
2891
2892
2893
2894
2895
2896
2897
2898
2899
2900
2901
2902
2903
2904
2905
2906
2907
2908
2909
2910
2911
2912
2913
2914
2915
2916
2917
2918
2919
2920
2921
2922
2923
2924
2925
2926
2927
2928
2929
2930
2931
2932
2933
2934
2935
2936
2937
2938
2939
2940
2941
2942
2943
2944
2945
2946
2947
2948
2949
2950
2951
2952
2953
2954
2955
2956
2957
2958
2959
2960
2961
2962
2963
2964
2965
2966
2967
2968
2969
2970
2971
2972
2973
2974
2975
2976
2977
2978
2979
2980
2981
2982
2983
2984
2985
2986
2987
2988
2989
2990
2991
2992
2993
2994
2995
2996
2997
2998
2999
3000
3001
3002
3003
3004
3005
3006
3007
3008
3009
3010
3011
3012
3013
3014
3015
3016
3017
3018
3019
3020
3021
3022
3023
3024
3025
3026
3027
3028
3029
3030
3031
3032
3033
3034
3035
3036
3037
3038
3039
3040
3041
3042
3043
3044
3045
3046
3047
3048
3049
3050
3051
3052
3053
3054
3055
3056
3057
3058
3059
3060
3061
3062
3063
3064
3065
3066
3067
3068
3069
3070
3071
3072
3073
3074
3075
3076
3077
3078
3079
3080
3081
3082
3083
3084
3085
3086
3087
3088
3089
3090
3091
3092
3093
3094
3095
3096
3097
3098
3099
3100
3101
3102
3103
3104
3105
3106
3107
3108
3109
3110
3111
3112
3113
3114
3115
3117
3118
3120
3121
3123
3124
3126
3127
3129
3130
3132
3133
3135
3136
3138
3139
3141
3142
3144
3145
3147
3148
3150
3151
3153
3154
3156
3157
3159
3160
3162
3163
3165
3166
3168
3169
3171
3172
3174
3175
3177
3178
3180
3181
3183
3184
3186
3187
3189
3190
3192
3193
3195
3196
3198
3199
3201
3203
3619
3620
3621
3622
3623
3624
3625
3626
3627
3628
3629
3630
3631
3632
3633
3634
3635
3636
3637
3638
3639
3640
3641
3642
3643
3644
3645
3646
3647
3648
3649
3650
3651
3652
3653
3654
3655
3656
3657
3658
3659
3660
3661
3662
3663
3664
3665
3666
3667
3668
3669
3670
3671
3672
3673
3674
3675
3676
3677
3678
3679
3680
3681
3682
3683
3684
3685
3686
3687
3688
3689
3690
3691
3692
3693
3694
3695
3696
3697
3698
3699
3700
3701
3702
3703
3704
3705
3706
3707
3708
3709
3710
3711
3712
3713
3714
3715
3716
3717
3718
3719
3720
3721
3722
3723
3724
3725
3726
3727
3728
3729
3730
3731
3732
3733
3734
3735
3736
3737
3738
3739
3740
3741
3742
3743
3744
3745
3746
3747
3748
3749
3750
3751
3752
3753
3754
3755
3756
3757
3758
3759
3760
3761
3762
3763
3764
3765
3766
3767
3768
3769
3770
3771
3772
3773
3774
3775
3776
3777
3778
3779
3780
3781
3782
3783
3784
3785
3786
3787
3788
3789
3790
3791
3792
3793
3794
3795
3796
3797
3798
3799
3800
3801
3802
3803
3804
3805
3806
3807
3808
3809
3810
3811
3812
3813
3814
3815
3816
3817
3818
3819
3820
3821
3822
3823
3824
3825
3826
3827
3828
3829
3830
3831
3832
3833
3834
3835
3836
3837
3838
3839
3840
3841
3842
3843
3844
3845
3846
3847
3848
3849
3850
3851
3852
3853
3854
3855
3856
3857
3858
3859
3860
3861
3862
3863
3864
3865
3866
3867
3868
3869
3870
3871
3872
3873
3874
3875
3876
3877
3878
3879
3880
3881
3882
3883
3884
3885
3886
3887
3888
3889
3890
3891
3892
3893
3894
3895
3896
3897
3898
3899
3900
3901
3902
3903
3904
3905
3906
3907
3908
3909
3910
3911
3912
3913
3914
3915
3916
3917
3918
3919
3920
3921
3922
3923
3924
3925
3926
3927
3928
3929
3930
3931
3932
3933
3934
3935
3936
3937
3938
3939
3940
3941
3942
3943
3944
3945
3946
3947
3948
3949
3950
3951
3952
3953
3954
3955
3956
3957
3958
3959
3960
3961
3962
3963
3964
3965
3966
3967
3968
3969
3970
3971
3972
3973
3974
3975
3977
3978
3980
3981
3983
3984
3986
3987
3989
3990
3992
3993
3995
3996
3998
3999
4001
4002
4004
4005
4007
4008
4010
4011
4013
4014
4016
4017
4019
4020
4022
4023
4025
4026
4028
4029
4031
4032
4034
4035
4037
4038
4040
4041
4043
4044
4046
4047
4049
4050
4052
4053
4055
4056
4058
4059
4061
4063
4479
4480
4481
4482
4483
4484
4485
4486
4487
4488
4489
4490
4491
4492
4493
4494
4495
4496
4497
4498
4499
4500
4501
4502
4503
4504
4505
4506
4507
4508
4509
4510
4511
4512
4513
4514
4515
4516
4517
4518
4519
4520
4521
4522
4523
4524
4525
4526
4527
4528
4529
4530
4531
4532
4533
4534
4535
4536
4537
4538
4539
4540
4541
4542
4543
4544
4545
4546
4547
4548
4549
4550
4551
4552
4553
4554
4555
4556
4557
4558
4559
4560
4561
4562
4563
4564
4565
4566
4567
4568
4569
4570
4571
4572
4573
4574
4575
4576
4577
4578
4579
4580
4581
4582
4583
4584
4585
4586
4587
4588
4589
4590
4591
4592
4593
4594
4595
4596
4597
4598
4599
4600
4601
4602
4603
4604
4605
4606
4607
4608
4609
4610
4611
4612
4613
4614
4615
4616
4617
4618
4619
4620
4621
4622
4623
4624
4625
4626
4627
4628
4629
4630
4631
4632
4633
4634
4635
4636
4637
4638
4639
4640
4641
4642
4643
4644
4645
4646
4647
4648
4649
4650
4651
4652
4653
4654
4655
4656
4657
4658
4659
4660
4661
4662
4663
4664
4665
4666
4667
4668
4669
4670
4671
4672
4673
4674
4675
4676
4677
4678
4679
4680
4681
4682
4683
4684
4685
4686
4687
4688
4689
4690
4691
4692
4693
4694
4695
4696
4697
4698
4699
4700
4701
4702
4703
4704
4705
4706
4707
4708
4709
4710
4711
4712
4713
4714
4715
4716
4717
4718
4719
4720
4721
4722
4723
4724
4725
4726
4727
4728
4729
4730
4731
4732
4733
4734
4735
4736
4737
4738
4739
4740
4741
4742
4743
4744
4745
4746
4747
4748
4749
4750
4751
4752
4753
4754
4755
4756
4757
4758
4759
4760
4761
4762
4763
4764
4765
4766
4767
4768
4769
4770
4771
4772
4773
4774
4775
4776
4777
4778
4779
4780
4781
4782
4783
4784
4785
4786
4787
4788
4789
4790
4791
4792
4793
4794
4795
4796
4797
4798
4799
4800
4801
4802
4803
4804
4805
4806
4807
4808
4809
4810
4811
4812
4813
4814
4815
4816
4817
4818
4819
4820
4821
4822
4823
4824
4825
4826
4827
4828
4829
4830
4831
4832
4833
4834
4835
4837
4838
4840
4841
4843
4844
4846
4847
4849
4850
4852
4853
4855
4856
4858
4859
4861
4862
4864
4865
4867
4868
4870
4871
4873
4874
4876
4877
4879
4880
4882
4883
4885
4886
4888
4889
4891
4892
4894
4895
4897
4898
4900
4901
4903
4904
4906
4907
4909
4910
4912
4913
4915
4916
4918
4919
4921
4923
5339
5340
5341
5342
5343
5344
5345
5346
5347
5348
5349
5350
5351
5352
5353
5354
5355
5356
5357
5358
5359
5360
5361
5362
5363
5364
5365
5366
5367
5368
5369
5370
5371
5372
5373
5374
5375
5376
5377
5378
5379
5380
5381
5382
5383
5384
5385
5386
5387
5388
5389
5390
5391
5392
5393
5394
5395
5396
5397
5398
5399
5400
5401
5402
5403
5404
5405
5406
5407
5408
5409
5410
5411
5412
5413
5414
5415
5416
5417
5418
5419
5420
5421
5422
5423
5424
5425
5426
5427
5428
5429
5430
5431
5432
5433
5434
5435
5436
5437
5438
5439
5440
5441
5442
5443
5444
5445
5446
5447
5448
5449
5450
5451
5452
5453
5454
5455
5456
5457
5458
5459
5460
5461
5462
5463
5464
5465
5466
5467
5468
5469
5470
5471
5472
5473
5474
5475
5476
5477
5478
5479
5480
5481
5482
5483
5484
5485
5486
5487
5488
5489
5490
5491
5492
5493
5494
5495
5496
5497
5498
5499
5500
5501
5502
5503
5504
5505
5506
5507
5508
5509
5510
5511
5512
5513
5514
5515
5516
5517
5518
5519
5520
5521
5522
5523
5524
5525
5526
5527
5528
5529
5530
5531
5532
5533
5534
5535
5536
5537
5538
5539
5540
5541
5542
5543
5544
5545
5546
5547
5548
5549
5550
5551
5552
5553
5554
5555
5556
5557
5558
5559
5560
5561
5562
5563
5564
5565
5566
5567
5568
5569
5570
5571
5572
5573
5574
5575
5576
5577
5578
5579
5580
5581
5582
5583
5584
5585
5586
5587
5588
5589
5590
5591
5592
5593
5594
5595
5596
5597
5598
5599
5600
5601
5602
5603
5604
5605
5606
5607
5608
5609
5610
5611
5612
5613
5614
5615
5616
5617
5618
5619
5620
5621
5622
5623
5624
5625
5626
5627
5628
5629
5630
5631
5632
5633
5634
5635
5636
5637
5638
5639
5640
5641
5642
5643
5644
5645
5646
5647
5648
5649
5650
5651
5652
5653
5654
5655
5656
5657
5658
5659
5660
5661
5662
5663
5664
5665
5666
5667
5668
5669
5670
5671
5672
5673
5674
5675
5676
5677
5678
5679
5680
5681
5682
5683
5684
5685
5686
5687
5688
5689
5690
5691
5692
5693
5694
5695
5697
5698
5700
5701
5703
5704
5706
5707
5709
5710
5712
5713
5715
5716
5718
5719
5721
5722
5724
5725
5727
5728
5730
5731
5733
5734
5736
5737
5739
5740
5742
5743
5745
5746
5748
5749
5751
5752
5754
5755
5757
5758
5760
5761
5763
5764
5766
5767
5769
5770
5772
5773
5775
5776
5778
5779
5781
5783
6199
6200
6201
6202
6203
6204
6205
6206
6207
6208
6209
6210
6211
6212
6213
6214
6215
6216
6217
6218
6219
6220
6221
6222
6223
6224
6225
6226
6227
6228
6229
6230
6231
6232
6233
6234
6235
6236
6237
6238
6239
6240
6241
6242
6243
6244
6245
6246
6247
6248
6249
6250
6251
6252
6253
6254
6255
6256
6257
6258
6259
6260
6261
6262
6263
6264
6265
6266
6267
6268
6269
6270
6271
6272
6273
6274
6275
6276
6277
6278
6279
6280
6281
6282
6283
6284
6285
6286
6287
6288
6289
6290
6291
6292
6293
6294
6295
6296
6297
6298
6299
6300
6301
6302
6303
6304
6305
6306
6307
6308
6309
6310
6311
6312
6313
6314
6315
6316
6317
6318
6319
6320
6321
6322
6323
6324
6325
6326
6327
6328
6329
6330
6331
6332
6333
6334
6335
6336
6337
6338
6339
6340
6341
6342
6343
6344
6345
6346
6347
6348
6349
6350
6351
6352
6353
6354
6355
6356
6357
6358
6359
6360
6361
6362
6363
6364
6365
6366
6367
6368
6369
6370
6371
6372
6373
6374
6375
6376
6377
6378
6379
6380
6381
6382
6383
6384
6385
6386
6387
6388
6389
6390
6391
6392
6393
6394
6395
6396
6397
6398
6399
6400
6401
6402
6403
6404
6405
6406
6407
6408
6409
6410
6411
6412
6413
6414
6415
6416
6417
6418
6419
6420
6421
6422
6423
6424
6425
6426
6427
6428
6429
6430
6431
6432
6433
6434
6435
6436
6437
6438
6439
6440
6441
6442
6443
6444
6445
6446
6447
6448
6449
6450
6451
6452
6453
6454
6455
6456
6457
6458
6459
6460
6461
6462
6463
6464
6465
6466
6467
6468
6469
6470
6471
6472
6473
6474
6475
6476
6477
6478
6479
6480
6481
6482
6483
6484
6485
6486
6487
6488
6489
6490
6491
6492
6493
6494
6495
6496
6497
6498
6499
6500
6501
6502
6503
6504
6505
6506
6507
6508
6509
6510
6511
6512
6513
6514
6515
6516
6517
6518
6519
6520
6521
6522
6523
6524
6525
6526
6527
6528
6529
6530
6531
6532
6533
6534
6535
6536
6537
6538
6539
6540
6541
6542
6543
6544
6545
6546
6547
6548
6549
6550
6551
6552
6553
6554
6555
6557
6558
6560
6561
6563
6564
6566
6567
6569
6570
6572
6573
6575
6576
6578
6579
6581
6582
6584
6585
6587
6588
6590
6591
6593
6594
6596
6597
6599
6600
6602
6603
6605
6606
6608
6609
6611
6612
6614
6615
6617
6618
6620
6621
6623
6624
6626
6627
6629
6630
6632
6633
6635
6636
6638
6639
6641
6643
7059
7060
7061
7062
7063
7064
7065
7066
7067
7068
7069
7070
7071
7072
7073
7074
7075
7076
7077
7078
7079
7080
7081
7082
7083
7084
7085
7086
7087
7088
7089
7090
7091
7092
7093
7094
7095
7096
7097
7098
7099
7100
7101
7102
7103
7104
7105
7106
7107
7108
7109
7110
7111
7112
7113
7114
7115
7116
7117
7118
7119
7120
7121
7122
7123
7124
7125
7126
7127
7128
7129
7130
7131
7132
7133
7134
7135
7136
7137
7138
7139
7140
7141
7142
7143
7144
7145
7146
7147
7148
7149
7150
7151
7152
7153
7154
7155
7156
7157
7158
7159
7160
7161
7162
7163
7164
7165
7166
7167
7168
7169
7170
7171
7172
7173
7174
7175
7176
7177
7178
7179
7180
7181
7182
7183
7184
7185
7186
7187
7188
7189
7190
7191
7192
7193
7194
7195
7196
7197
7198
7199
7200
7201
7202
7203
7204
7205
7206
7207
7208
7209
7210
7211
7212
7213
7214
7215
7216
7217
7218
7219
7220
7221
7222
7223
7224
7225
7226
7227
7228
7229
7230
7231
7232
7233
7234
7235
7236
7237
7238
7239
7240
7241
7242
7243
7244
7245
7246
7247
7248
7249
7250
7251
7252
7253
7254
7255
7256
7257
7258
7259
7260
7261
7262
7263
7264
7265
7266
7267
7268
7269
7270
7271
7272
7273
7274
7275
7276
7277
7278
7279
7280
7281
7282
7283
7284
7285
7286
7287
7288
7289
7290
7291
7292
7293
7294
7295
7296
7297
7298
7299
7300
7301
7302
7303
7304
7305
7306
7307
7308
7309
7310
7311
7312
7313
7314
7315
7316
7317
7318
7319
7320
7321
7322
7323
7324
7325
7326
7327
7328
7329
7330
7331
7332
7333
7334
7335
7336
7337
7338
7339
7340
7341
7342
7343
7344
7345
7346
7347
7348
7349
7350
7351
7352
7353
7354
7355
7356
7357
7358
7359
7360
7361
7362
7363
7364
7365
7366
7367
7368
7369
7370
7371
7372
7373
7374
7375
7376
7377
7378
7379
7380
7381
7382
7383
7384
7385
7386
7387
7388
7389
7390
7391
7392
7393
7394
7395
7396
7397
7398
7399
7400
7401
7402
7403
7404
7405
7406
7407
7408
7409
7410
7411
7412
7413
7414
7415
7417
7418
7420
7421
7423
7424
7426
7427
7429
7430
7432
7433
7435
7436
7438
7439
7441
7442
7444
7445
7447
7448
7450
7451
7453
7454
7456
7457
7459
7460
7462
7463
7465
7466
7468
7469
7471
7472
7474
7475
7477
7478
7480
7481
7483
7484
7486
7487
7489
7490
7492
7493
7495
7496
7498
7499
7501
7503
7859
7860
7861
7862
7863
7864
7865
7866
7867
7868
7869
7870
7871
7872
7873
7874
7875
7876
7877
7878
7879
7880
7881
7882
7883
7884
7885
7886
7887
7888
7889
7890
7891
7892
7893
7894
7895
7896
7897
7898
7899
7900
7901
7902
7903
7904
7905
7906
7907
7908
7909
7910
7911
7912
7913
7914
7915
7916
7917
7918
7919
7920
7921
7922
7923
7924
7925
7926
7927
7928
7929
7930
7931
7932
7933
7934
7935
7936
7937
7938
7939
7940
7941
7942
7943
7944
7945
7946
7947
7948
7949
7950
7951
7952
7953
7954
7955
7956
7957
7958
7959
7960
7961
7962
7963
7964
7965
7966
7967
7968
7969
7970
7971
7972
7973
7974
7975
7976
7977
7978
7979
7980
7981
7982
7983
7984
7985
7986
7987
7988
7989
7990
7991
7992
7993
7994
7995
7996
7997
7998
7999
8000
8001
8002
8003
8004
8005
8006
8007
8008
8009
8010
8011
8012
8013
8014
8015
8016
8017
8018
8019
8020
8021
8022
8023
8024
8025
8026
8027
8028
8029
8030
8031
8032
8033
8034
8035
8036
8037
8038
8039
8040
8041
8042
8043
8044
8045
8046
8047
8048
8049
8050
8051
8052
8053
8054
8055
8056
8057
8058
8059
8060
8061
8062
8063
8064
8065
8066
8067
8068
8069
8070
8071
8072
8073
8074
8075
8076
8077
8078
8079
8080
8081
8082
8083
8084
8085
8086
8087
8088
8089
8090
8091
8092
8093
8094
8095
8097
8099
8101
8103
8105
8107
8109
8111
8113
8115
8117
8119
8121
8123
8125
8127
8129
8131
8133
8135
8137
8139
8141
8143
8145
8147
8149
8151
8603
8604
8605
8606
8607
8613
8614
8615
8616
8617
8623
8624
8625
8626
8627
8633
8634
8635
8636
8637
8643
8644
8645
8646
8647
8653
8654
8655
8656
8657
8663
8664
8665
8666
8667
8673
8674
8675
8676
8677
8683
8684
8685
8686
8687
8693
8694
8695
8696
8697
8703
8704
8705
8706
8707
8713
8714
8715
8716
8717
8723
8724
8725
8726
8727
8733
8734
8735
8736
8737
8743
8744
8745
8746
8747
8753
8754
8755
8756
8757
8763
8764
8765
8766
8767
8773
8774
8775
8776
8777
8783
8784
8785
8786
8787
8793
8794
8795
8796
8797
9103
9104
9105
9106
9107
9113
9114
9115
9116
9117
9123
9124
9125
9126
9127
9133
9134
9135
9136
9137
9143
9144
9145
9146
9147
9153
9154
9155
9156
9157
9163
9164
9165
9166
9167
9173
9174
9175
9176
9177
9183
9184
9185
9186
9187
9193
9194
9195
9196
9197
9203
9204
9205
9206
9207
9213
9214
9215
9216
9217
9223
9224
9225
9226
9227
9233
9234
9235
9236
9237
9243
9244
9245
9246
9247
9253
9254
9255
9256
9257
9263
9264
9265
9266
9267
9273
9274
9275
9276
9277
9283
9284
9285
9286
9287
9293
9294
9295
9296
9297
9303
9304
9305
9306
9307
9313
9314
9315
9316
9317
9323
9324
9325
9326
9327
9333
9334
9335
9336
9337
9343
9344
9345
9346
9347
9353
9354
9355
9356
9357
9363
9364
9365
9366
9367
9373
9374
9375
9376
9377
9383
9384
9385
9386
9387
9393
9394
9395
9396
9397
9403
9404
9405
9406
9407
9413
9414
9415
9416
9417
9423
9424
9425
9426
9427
9433
9434
9435
9436
9437
9443
9444
9445
9446
9447
9453
9454
9455
9456
9457
9463
9464
9465
9466
9467
9473
9474
9475
9476
9477
9483
9484
9485
9486
9487
9493
9494
9495
9496
9497
9503
9504
9505
9506
9507
9513
9514
9515
9516
9517
9523
9524
9525
9526
9527
9533
9534
9535
9536
9537
9543
9544
9545
9546
9547
9553
9554
9555
9556
9557
9563
9564
9565
9566
9567
9573
9574
9575
9576
9577
9583
9584
9585
9586
9587
9593
9594
9595
9596
9597
9603
9604
9605
9606
9607
9613
9614
9615
9616
9617
9623
9624
9625
9626
9627
9633
9634
9635
9636
9637
9643
9644
9645
9646
9647
9653
9654
9655
9656
9657
9663
9664
9665
9666
9667
9673
9674
9675
9676
9677
9683
9684
9685
9686
9687
9693
9694
9695
9696
9697
-91
-94
-97
-100
-103
-106
-109
-112
-115
-118
-121
-124
-127
-130
-133
-136
-139
-142
-145
-148
-151
-154
-157
-160
-163
-166
-169
-172
-175
-177
-951
-954
-957
-960
-963
-966
-969
-972
-975
-978
-981
-984
-987
-990
-993
-996
-999
-1002
-1005
-1008
-1011
-1014
-1017
-1020
-1023
-1026
-1029
-1032
-1035
-1037
-1811
-1814
-1817
-1820
-1823
-1826
-1829
-1832
-1835
-1838
-1841
-1844
-1847
-1850
-1853
-1856
-1859
-1862
-1865
-1868
-1871
-1874
-1877
-1880
-1883
-1886
-1889
-1892
-1895
-1897
-2671
-2674
-2677
-2680
-2683
-2686
-2689
-2692
-2695
-2698
-2701
-2704
-2707
-2710
-2713
-2716
-2719
-2722
-2725
-2728
-2731
-2734
-2737
-2740
-2743
-2746
-2749
-2752
-2755
-2757
-3531
-3534
-3537
-3540
-3543
-3546
-3549
-3552
-3555
-3558
-3561
-3564
-3567
-3570
-3573
-3576
-3579
-3582
-3585
-3588
-3591
-3594
-3597
-3600
-3603
-3606
-3609
-3612
-3615
-3617
-4391
-4394
-4397
-4400
-4403
-4406
-4409
-4412
-4415
-4418
-4421
-4424
-4427
-4430
-4433
-4436
-4439
-4442
-4445
-4448
-4451
-4454
-4457
-4460
-4463
-4466
-4469
-4472
-4475
-4477
-5251
-5254
-5257
-5260
-5263
-5266
-5269
-5272
-5275
-5278
-5281
-5284
-5287
-5290
-5293
-5296
-5299
-5302
-5305
-5308
-5311
-5314
-5317
-5320
-5323
-5326
-5329
-5332
-5335
-5337
-6111
-6114
-6117
-6120
-6123
-6126
-6129
-6132
-6135
-6138
-6141
-6144
-6147
-6150
-6153
-6156
-6159
-6162
-6165
-6168
-6171
-6174
-6177
-6180
-6183
-6186
-6189
-6192
-6195
-6197
-6971
-6974
-6977
-6980
-6983
-6986
-6989
-6992
-6995
-6998
-7001
-7004
-7007
-7010
-7013
-7016
-7019
-7022
-7025
-7028
-7031
-7034
-7037
-7040
-7043
-7046
-7049
-7052
-7055
-7057
-7801
-7803
-7805
-7807
-7809
-7811
-7813
-7815
-7817
-7819
-7821
-7823
-7825
-7827
-7829
-7831
-7833
-7835
-7837
-7839
-7841
-7843
-7845
-7847
-7849
-7851
-7853
-7855
-7857
-7858
536
539
542
545
548
551
554
557
560
563
566
569
572
575
578
581
584
587
590
593
596
599
602
605
608
611
614
617
620
622
1396
1399
1402
1405
1408
1411
1414
1417
1420
1423
1426
1429
1432
1435
1438
1441
1444
1447
1450
1453
1456
1459
1462
1465
1468
1471
1474
1477
1480
1482
2256
2259
2262
2265
2268
2271
2274
2277
2280
2283
2286
2289
2292
2295
2298
2301
2304
2307
2310
2313
2316
2319
2322
2325
2328
2331
2334
2337
2340
2342
3116
3119
3122
3125
3128
3131
3134
3137
3140
3143
3146
3149
3152
3155
3158
3161
3164
3167
3170
3173
3176
3179
3182
3185
3188
3191
3194
3197
3200
3202
3976
3979
3982
3985
3988
3991
3994
3997
4000
4003
4006
4009
4012
4015
4018
4021
4024
4027
4030
4033
4036
4039
4042
4045
4048
4051
4054
4057
4060
4062
4836
4839
4842
4845
4848
4851
4854
4857
4860
4863
4866
4869
4872
4875
4878
4881
4884
4887
4890
4893
4896
4899
4902
4905
4908
4911
4914
4917
4920
4922
5696
5699
5702
5705
5708
5711
5714
5717
5720
5723
5726
5729
5732
5735
5738
5741
5744
5747
5750
5753
5756
5759
5762
5765
5768
5771
5774
5777
5780
5782
6556
6559
6562
6565
6568
6571
6574
6577
6580
6583
6586
6589
6592
6595
6598
6601
6604
6607
6610
6613
6616
6619
6622
6625
6628
6631
6634
6637
6640
6642
7416
7419
7422
7425
7428
7431
7434
7437
7440
7443
7446
7449
7452
7455
7458
7461
7464
7467
7470
7473
7476
7479
7482
7485
7488
7491
7494
7497
7500
7502
8096
8098
8100
8102
8104
8106
8108
8110
8112
8114
8116
8118
8120
8122
8124
8126
8128
8130
8132
8134
8136
8138
8140
8142
8144
8146
8148
8150
8152
8153
)


// ************************************************************************* //
