/*--------------------------------*- C++ -*----------------------------------*\
  =========                 |
  \\      /  F ield         | OpenFOAM: The Open Source CFD Toolbox
   \\    /   O peration     | Website:  https://openfoam.org
    \\  /    A nd           | Version:  11
     \\/     M anipulation  |
\*---------------------------------------------------------------------------*/
FoamFile
{
    format      ascii;
    class       labelList;
    note        "nPoints:2046  nCells:1500  nFaces:5000  nInternalFaces:4000";
    location    "constant/water/polyMesh";
    object      neighbour;
}
// * * * * * * * * * * * * * * * * * * * * * * * * * * * * * * * * * * * * * //


4000
(
1
30
150
2
31
151
3
32
152
4
33
153
5
34
154
6
35
155
7
36
156
8
37
157
9
38
158
10
39
159
11
40
160
12
41
161
13
42
162
14
43
163
15
44
164
16
45
165
17
46
166
18
47
167
19
48
168
20
49
169
21
50
170
22
51
171
23
52
172
24
53
173
25
54
174
26
55
175
27
56
176
28
57
177
29
58
178
59
179
31
60
180
32
61
181
33
62
182
34
63
183
35
64
184
36
65
185
37
66
186
38
67
187
39
68
188
40
69
189
41
70
190
42
71
191
43
72
192
44
73
193
45
74
194
46
75
195
47
76
196
48
77
197
49
78
198
50
79
199
51
80
200
52
81
201
53
82
202
54
83
203
55
84
204
56
85
205
57
86
206
58
87
207
59
88
208
89
209
61
90
210
62
91
211
63
92
212
64
93
213
65
94
214
66
95
215
67
96
216
68
97
217
69
98
218
70
99
219
71
100
220
72
101
221
73
102
222
74
103
223
75
104
224
76
105
225
77
106
226
78
107
227
79
108
228
80
109
229
81
110
230
82
111
231
83
112
232
84
113
233
85
114
234
86
115
235
87
116
236
88
117
237
89
118
238
119
239
91
120
240
92
121
241
93
122
242
94
123
243
95
124
244
96
125
245
97
126
246
98
127
247
99
128
248
100
129
249
101
130
250
102
131
251
103
132
252
104
133
253
105
134
254
106
135
255
107
136
256
108
137
257
109
138
258
110
139
259
111
140
260
112
141
261
113
142
262
114
143
263
115
144
264
116
145
265
117
146
266
118
147
267
119
148
268
149
269
121
270
122
271
123
272
124
273
125
274
126
275
127
276
128
277
129
278
130
279
131
280
132
281
133
282
134
283
135
284
136
285
137
286
138
287
139
288
140
289
141
290
142
291
143
292
144
293
145
294
146
295
147
296
148
297
149
298
299
151
180
300
152
181
301
153
182
302
154
183
303
155
184
304
156
185
305
157
186
306
158
187
307
159
188
308
160
189
309
161
190
310
162
191
311
163
192
312
164
193
313
165
194
314
166
195
315
167
196
316
168
197
317
169
198
318
170
199
319
171
200
320
172
201
321
173
202
322
174
203
323
175
204
324
176
205
325
177
206
326
178
207
327
179
208
328
209
329
181
210
330
182
211
331
183
212
332
184
213
333
185
214
334
186
215
335
187
216
336
188
217
337
189
218
338
190
219
339
191
220
340
192
221
341
193
222
342
194
223
343
195
224
344
196
225
345
197
226
346
198
227
347
199
228
348
200
229
349
201
230
350
202
231
351
203
232
352
204
233
353
205
234
354
206
235
355
207
236
356
208
237
357
209
238
358
239
359
211
240
360
212
241
361
213
242
362
214
243
363
215
244
364
216
245
365
217
246
366
218
247
367
219
248
368
220
249
369
221
250
370
222
251
371
223
252
372
224
253
373
225
254
374
226
255
375
227
256
376
228
257
377
229
258
378
230
259
379
231
260
380
232
261
381
233
262
382
234
263
383
235
264
384
236
265
385
237
266
386
238
267
387
239
268
388
269
389
241
270
390
242
271
391
243
272
392
244
273
393
245
274
394
246
275
395
247
276
396
248
277
397
249
278
398
250
279
399
251
280
400
252
281
401
253
282
402
254
283
403
255
284
404
256
285
405
257
286
406
258
287
407
259
288
408
260
289
409
261
290
410
262
291
411
263
292
412
264
293
413
265
294
414
266
295
415
267
296
416
268
297
417
269
298
418
299
419
271
420
272
421
273
422
274
423
275
424
276
425
277
426
278
427
279
428
280
429
281
430
282
431
283
432
284
433
285
434
286
435
287
436
288
437
289
438
290
439
291
440
292
441
293
442
294
443
295
444
296
445
297
446
298
447
299
448
449
301
330
450
302
331
451
303
332
452
304
333
453
305
334
454
306
335
455
307
336
456
308
337
457
309
338
458
310
339
459
311
340
460
312
341
461
313
342
462
314
343
463
315
344
464
316
345
465
317
346
466
318
347
467
319
348
468
320
349
469
321
350
470
322
351
471
323
352
472
324
353
473
325
354
474
326
355
475
327
356
476
328
357
477
329
358
478
359
479
331
360
480
332
361
481
333
362
482
334
363
483
335
364
484
336
365
485
337
366
486
338
367
487
339
368
488
340
369
489
341
370
490
342
371
491
343
372
492
344
373
493
345
374
494
346
375
495
347
376
496
348
377
497
349
378
498
350
379
499
351
380
500
352
381
501
353
382
502
354
383
503
355
384
504
356
385
505
357
386
506
358
387
507
359
388
508
389
509
361
390
510
362
391
511
363
392
512
364
393
513
365
394
514
366
395
515
367
396
516
368
397
517
369
398
518
370
399
519
371
400
520
372
401
521
373
402
522
374
403
523
375
404
524
376
405
525
377
406
526
378
407
527
379
408
528
380
409
529
381
410
530
382
411
531
383
412
532
384
413
533
385
414
534
386
415
535
387
416
536
388
417
537
389
418
538
419
539
391
420
540
392
421
541
393
422
542
394
423
543
395
424
544
396
425
545
397
426
546
398
427
547
399
428
548
400
429
549
401
430
550
402
431
551
403
432
552
404
433
553
405
434
554
406
435
555
407
436
556
408
437
557
409
438
558
410
439
559
411
440
560
412
441
561
413
442
562
414
443
563
415
444
564
416
445
565
417
446
566
418
447
567
419
448
568
449
569
421
570
422
571
423
572
424
573
425
574
426
575
427
576
428
577
429
578
430
579
431
580
432
581
433
582
434
583
435
584
436
585
437
586
438
587
439
588
440
589
441
590
442
591
443
592
444
593
445
594
446
595
447
596
448
597
449
598
599
451
480
600
452
481
601
453
482
602
454
483
603
455
484
604
456
485
605
457
486
606
458
487
607
459
488
608
460
489
609
461
490
610
462
491
611
463
492
612
464
493
613
465
494
614
466
495
615
467
496
616
468
497
617
469
498
618
470
499
619
471
500
620
472
501
621
473
502
622
474
503
623
475
504
624
476
505
625
477
506
626
478
507
627
479
508
628
509
629
481
510
630
482
511
631
483
512
632
484
513
633
485
514
634
486
515
635
487
516
636
488
517
637
489
518
638
490
519
639
491
520
640
492
521
641
493
522
642
494
523
643
495
524
644
496
525
645
497
526
646
498
527
647
499
528
648
500
529
649
501
530
650
502
531
651
503
532
652
504
533
653
505
534
654
506
535
655
507
536
656
508
537
657
509
538
658
539
659
511
540
660
512
541
661
513
542
662
514
543
663
515
544
664
516
545
665
517
546
666
518
547
667
519
548
668
520
549
669
521
550
670
522
551
671
523
552
672
524
553
673
525
554
674
526
555
675
527
556
676
528
557
677
529
558
678
530
559
679
531
560
680
532
561
681
533
562
682
534
563
683
535
564
684
536
565
685
537
566
686
538
567
687
539
568
688
569
689
541
570
690
542
571
691
543
572
692
544
573
693
545
574
694
546
575
695
547
576
696
548
577
697
549
578
698
550
579
699
551
580
700
552
581
701
553
582
702
554
583
703
555
584
704
556
585
705
557
586
706
558
587
707
559
588
708
560
589
709
561
590
710
562
591
711
563
592
712
564
593
713
565
594
714
566
595
715
567
596
716
568
597
717
569
598
718
599
719
571
720
572
721
573
722
574
723
575
724
576
725
577
726
578
727
579
728
580
729
581
730
582
731
583
732
584
733
585
734
586
735
587
736
588
737
589
738
590
739
591
740
592
741
593
742
594
743
595
744
596
745
597
746
598
747
599
748
749
601
630
750
602
631
751
603
632
752
604
633
753
605
634
754
606
635
755
607
636
756
608
637
757
609
638
758
610
639
759
611
640
760
612
641
761
613
642
762
614
643
763
615
644
764
616
645
765
617
646
766
618
647
767
619
648
768
620
649
769
621
650
770
622
651
771
623
652
772
624
653
773
625
654
774
626
655
775
627
656
776
628
657
777
629
658
778
659
779
631
660
780
632
661
781
633
662
782
634
663
783
635
664
784
636
665
785
637
666
786
638
667
787
639
668
788
640
669
789
641
670
790
642
671
791
643
672
792
644
673
793
645
674
794
646
675
795
647
676
796
648
677
797
649
678
798
650
679
799
651
680
800
652
681
801
653
682
802
654
683
803
655
684
804
656
685
805
657
686
806
658
687
807
659
688
808
689
809
661
690
810
662
691
811
663
692
812
664
693
813
665
694
814
666
695
815
667
696
816
668
697
817
669
698
818
670
699
819
671
700
820
672
701
821
673
702
822
674
703
823
675
704
824
676
705
825
677
706
826
678
707
827
679
708
828
680
709
829
681
710
830
682
711
831
683
712
832
684
713
833
685
714
834
686
715
835
687
716
836
688
717
837
689
718
838
719
839
691
720
840
692
721
841
693
722
842
694
723
843
695
724
844
696
725
845
697
726
846
698
727
847
699
728
848
700
729
849
701
730
850
702
731
851
703
732
852
704
733
853
705
734
854
706
735
855
707
736
856
708
737
857
709
738
858
710
739
859
711
740
860
712
741
861
713
742
862
714
743
863
715
744
864
716
745
865
717
746
866
718
747
867
719
748
868
749
869
721
870
722
871
723
872
724
873
725
874
726
875
727
876
728
877
729
878
730
879
731
880
732
881
733
882
734
883
735
884
736
885
737
886
738
887
739
888
740
889
741
890
742
891
743
892
744
893
745
894
746
895
747
896
748
897
749
898
899
751
780
900
752
781
901
753
782
902
754
783
903
755
784
904
756
785
905
757
786
906
758
787
907
759
788
908
760
789
909
761
790
910
762
791
911
763
792
912
764
793
913
765
794
914
766
795
915
767
796
916
768
797
917
769
798
918
770
799
919
771
800
920
772
801
921
773
802
922
774
803
923
775
804
924
776
805
925
777
806
926
778
807
927
779
808
928
809
929
781
810
930
782
811
931
783
812
932
784
813
933
785
814
934
786
815
935
787
816
936
788
817
937
789
818
938
790
819
939
791
820
940
792
821
941
793
822
942
794
823
943
795
824
944
796
825
945
797
826
946
798
827
947
799
828
948
800
829
949
801
830
950
802
831
951
803
832
952
804
833
953
805
834
954
806
835
955
807
836
956
808
837
957
809
838
958
839
959
811
840
960
812
841
961
813
842
962
814
843
963
815
844
964
816
845
965
817
846
966
818
847
967
819
848
968
820
849
969
821
850
970
822
851
971
823
852
972
824
853
973
825
854
974
826
855
975
827
856
976
828
857
977
829
858
978
830
859
979
831
860
980
832
861
981
833
862
982
834
863
983
835
864
984
836
865
985
837
866
986
838
867
987
839
868
988
869
989
841
870
990
842
871
991
843
872
992
844
873
993
845
874
994
846
875
995
847
876
996
848
877
997
849
878
998
850
879
999
851
880
1000
852
881
1001
853
882
1002
854
883
1003
855
884
1004
856
885
1005
857
886
1006
858
887
1007
859
888
1008
860
889
1009
861
890
1010
862
891
1011
863
892
1012
864
893
1013
865
894
1014
866
895
1015
867
896
1016
868
897
1017
869
898
1018
899
1019
871
1020
872
1021
873
1022
874
1023
875
1024
876
1025
877
1026
878
1027
879
1028
880
1029
881
1030
882
1031
883
1032
884
1033
885
1034
886
1035
887
1036
888
1037
889
1038
890
1039
891
1040
892
1041
893
1042
894
1043
895
1044
896
1045
897
1046
898
1047
899
1048
1049
901
930
1050
902
931
1051
903
932
1052
904
933
1053
905
934
1054
906
935
1055
907
936
1056
908
937
1057
909
938
1058
910
939
1059
911
940
1060
912
941
1061
913
942
1062
914
943
1063
915
944
1064
916
945
1065
917
946
1066
918
947
1067
919
948
1068
920
949
1069
921
950
1070
922
951
1071
923
952
1072
924
953
1073
925
954
1074
926
955
1075
927
956
1076
928
957
1077
929
958
1078
959
1079
931
960
1080
932
961
1081
933
962
1082
934
963
1083
935
964
1084
936
965
1085
937
966
1086
938
967
1087
939
968
1088
940
969
1089
941
970
1090
942
971
1091
943
972
1092
944
973
1093
945
974
1094
946
975
1095
947
976
1096
948
977
1097
949
978
1098
950
979
1099
951
980
1100
952
981
1101
953
982
1102
954
983
1103
955
984
1104
956
985
1105
957
986
1106
958
987
1107
959
988
1108
989
1109
961
990
1110
962
991
1111
963
992
1112
964
993
1113
965
994
1114
966
995
1115
967
996
1116
968
997
1117
969
998
1118
970
999
1119
971
1000
1120
972
1001
1121
973
1002
1122
974
1003
1123
975
1004
1124
976
1005
1125
977
1006
1126
978
1007
1127
979
1008
1128
980
1009
1129
981
1010
1130
982
1011
1131
983
1012
1132
984
1013
1133
985
1014
1134
986
1015
1135
987
1016
1136
988
1017
1137
989
1018
1138
1019
1139
991
1020
1140
992
1021
1141
993
1022
1142
994
1023
1143
995
1024
1144
996
1025
1145
997
1026
1146
998
1027
1147
999
1028
1148
1000
1029
1149
1001
1030
1150
1002
1031
1151
1003
1032
1152
1004
1033
1153
1005
1034
1154
1006
1035
1155
1007
1036
1156
1008
1037
1157
1009
1038
1158
1010
1039
1159
1011
1040
1160
1012
1041
1161
1013
1042
1162
1014
1043
1163
1015
1044
1164
1016
1045
1165
1017
1046
1166
1018
1047
1167
1019
1048
1168
1049
1169
1021
1170
1022
1171
1023
1172
1024
1173
1025
1174
1026
1175
1027
1176
1028
1177
1029
1178
1030
1179
1031
1180
1032
1181
1033
1182
1034
1183
1035
1184
1036
1185
1037
1186
1038
1187
1039
1188
1040
1189
1041
1190
1042
1191
1043
1192
1044
1193
1045
1194
1046
1195
1047
1196
1048
1197
1049
1198
1199
1051
1080
1200
1052
1081
1201
1053
1082
1202
1054
1083
1203
1055
1084
1204
1056
1085
1205
1057
1086
1206
1058
1087
1207
1059
1088
1208
1060
1089
1209
1061
1090
1210
1062
1091
1211
1063
1092
1212
1064
1093
1213
1065
1094
1214
1066
1095
1215
1067
1096
1216
1068
1097
1217
1069
1098
1218
1070
1099
1219
1071
1100
1220
1072
1101
1221
1073
1102
1222
1074
1103
1223
1075
1104
1224
1076
1105
1225
1077
1106
1226
1078
1107
1227
1079
1108
1228
1109
1229
1081
1110
1230
1082
1111
1231
1083
1112
1232
1084
1113
1233
1085
1114
1234
1086
1115
1235
1087
1116
1236
1088
1117
1237
1089
1118
1238
1090
1119
1239
1091
1120
1240
1092
1121
1241
1093
1122
1242
1094
1123
1243
1095
1124
1244
1096
1125
1245
1097
1126
1246
1098
1127
1247
1099
1128
1248
1100
1129
1249
1101
1130
1250
1102
1131
1251
1103
1132
1252
1104
1133
1253
1105
1134
1254
1106
1135
1255
1107
1136
1256
1108
1137
1257
1109
1138
1258
1139
1259
1111
1140
1260
1112
1141
1261
1113
1142
1262
1114
1143
1263
1115
1144
1264
1116
1145
1265
1117
1146
1266
1118
1147
1267
1119
1148
1268
1120
1149
1269
1121
1150
1270
1122
1151
1271
1123
1152
1272
1124
1153
1273
1125
1154
1274
1126
1155
1275
1127
1156
1276
1128
1157
1277
1129
1158
1278
1130
1159
1279
1131
1160
1280
1132
1161
1281
1133
1162
1282
1134
1163
1283
1135
1164
1284
1136
1165
1285
1137
1166
1286
1138
1167
1287
1139
1168
1288
1169
1289
1141
1170
1290
1142
1171
1291
1143
1172
1292
1144
1173
1293
1145
1174
1294
1146
1175
1295
1147
1176
1296
1148
1177
1297
1149
1178
1298
1150
1179
1299
1151
1180
1300
1152
1181
1301
1153
1182
1302
1154
1183
1303
1155
1184
1304
1156
1185
1305
1157
1186
1306
1158
1187
1307
1159
1188
1308
1160
1189
1309
1161
1190
1310
1162
1191
1311
1163
1192
1312
1164
1193
1313
1165
1194
1314
1166
1195
1315
1167
1196
1316
1168
1197
1317
1169
1198
1318
1199
1319
1171
1320
1172
1321
1173
1322
1174
1323
1175
1324
1176
1325
1177
1326
1178
1327
1179
1328
1180
1329
1181
1330
1182
1331
1183
1332
1184
1333
1185
1334
1186
1335
1187
1336
1188
1337
1189
1338
1190
1339
1191
1340
1192
1341
1193
1342
1194
1343
1195
1344
1196
1345
1197
1346
1198
1347
1199
1348
1349
1201
1230
1350
1202
1231
1351
1203
1232
1352
1204
1233
1353
1205
1234
1354
1206
1235
1355
1207
1236
1356
1208
1237
1357
1209
1238
1358
1210
1239
1359
1211
1240
1360
1212
1241
1361
1213
1242
1362
1214
1243
1363
1215
1244
1364
1216
1245
1365
1217
1246
1366
1218
1247
1367
1219
1248
1368
1220
1249
1369
1221
1250
1370
1222
1251
1371
1223
1252
1372
1224
1253
1373
1225
1254
1374
1226
1255
1375
1227
1256
1376
1228
1257
1377
1229
1258
1378
1259
1379
1231
1260
1380
1232
1261
1381
1233
1262
1382
1234
1263
1383
1235
1264
1384
1236
1265
1385
1237
1266
1386
1238
1267
1387
1239
1268
1388
1240
1269
1389
1241
1270
1390
1242
1271
1391
1243
1272
1392
1244
1273
1393
1245
1274
1394
1246
1275
1395
1247
1276
1396
1248
1277
1397
1249
1278
1398
1250
1279
1399
1251
1280
1400
1252
1281
1401
1253
1282
1402
1254
1283
1403
1255
1284
1404
1256
1285
1405
1257
1286
1406
1258
1287
1407
1259
1288
1408
1289
1409
1261
1290
1410
1262
1291
1411
1263
1292
1412
1264
1293
1413
1265
1294
1414
1266
1295
1415
1267
1296
1416
1268
1297
1417
1269
1298
1418
1270
1299
1419
1271
1300
1420
1272
1301
1421
1273
1302
1422
1274
1303
1423
1275
1304
1424
1276
1305
1425
1277
1306
1426
1278
1307
1427
1279
1308
1428
1280
1309
1429
1281
1310
1430
1282
1311
1431
1283
1312
1432
1284
1313
1433
1285
1314
1434
1286
1315
1435
1287
1316
1436
1288
1317
1437
1289
1318
1438
1319
1439
1291
1320
1440
1292
1321
1441
1293
1322
1442
1294
1323
1443
1295
1324
1444
1296
1325
1445
1297
1326
1446
1298
1327
1447
1299
1328
1448
1300
1329
1449
1301
1330
1450
1302
1331
1451
1303
1332
1452
1304
1333
1453
1305
1334
1454
1306
1335
1455
1307
1336
1456
1308
1337
1457
1309
1338
1458
1310
1339
1459
1311
1340
1460
1312
1341
1461
1313
1342
1462
1314
1343
1463
1315
1344
1464
1316
1345
1465
1317
1346
1466
1318
1347
1467
1319
1348
1468
1349
1469
1321
1470
1322
1471
1323
1472
1324
1473
1325
1474
1326
1475
1327
1476
1328
1477
1329
1478
1330
1479
1331
1480
1332
1481
1333
1482
1334
1483
1335
1484
1336
1485
1337
1486
1338
1487
1339
1488
1340
1489
1341
1490
1342
1491
1343
1492
1344
1493
1345
1494
1346
1495
1347
1496
1348
1497
1349
1498
1499
1351
1380
1352
1381
1353
1382
1354
1383
1355
1384
1356
1385
1357
1386
1358
1387
1359
1388
1360
1389
1361
1390
1362
1391
1363
1392
1364
1393
1365
1394
1366
1395
1367
1396
1368
1397
1369
1398
1370
1399
1371
1400
1372
1401
1373
1402
1374
1403
1375
1404
1376
1405
1377
1406
1378
1407
1379
1408
1409
1381
1410
1382
1411
1383
1412
1384
1413
1385
1414
1386
1415
1387
1416
1388
1417
1389
1418
1390
1419
1391
1420
1392
1421
1393
1422
1394
1423
1395
1424
1396
1425
1397
1426
1398
1427
1399
1428
1400
1429
1401
1430
1402
1431
1403
1432
1404
1433
1405
1434
1406
1435
1407
1436
1408
1437
1409
1438
1439
1411
1440
1412
1441
1413
1442
1414
1443
1415
1444
1416
1445
1417
1446
1418
1447
1419
1448
1420
1449
1421
1450
1422
1451
1423
1452
1424
1453
1425
1454
1426
1455
1427
1456
1428
1457
1429
1458
1430
1459
1431
1460
1432
1461
1433
1462
1434
1463
1435
1464
1436
1465
1437
1466
1438
1467
1439
1468
1469
1441
1470
1442
1471
1443
1472
1444
1473
1445
1474
1446
1475
1447
1476
1448
1477
1449
1478
1450
1479
1451
1480
1452
1481
1453
1482
1454
1483
1455
1484
1456
1485
1457
1486
1458
1487
1459
1488
1460
1489
1461
1490
1462
1491
1463
1492
1464
1493
1465
1494
1466
1495
1467
1496
1468
1497
1469
1498
1499
1471
1472
1473
1474
1475
1476
1477
1478
1479
1480
1481
1482
1483
1484
1485
1486
1487
1488
1489
1490
1491
1492
1493
1494
1495
1496
1497
1498
1499
)


// ************************************************************************* //
